1 1 1 1 1
2 1 1 1 2
3 1 1 1 3
4 1 1 1 4
5 1 1 1 5
6 1 1 1 6
7 1 1 1 7
8 1 1 1 8
9 1 1 1 9
10 1 1 1 10
11 1 1 1 11
12 1 1 1 12
13 1 1 1 13
14 1 1 1 14
15 1 1 1 15
16 1 1 1 16
17 1 1 1 17
18 1 1 2 1
19 1 1 2 2
20 1 1 2 3
21 1 1 2 4
22 1 1 2 5
23 1 1 2 6
24 1 1 2 7
25 1 1 2 8
26 1 1 2 9
27 1 1 2 10
28 1 1 2 11
29 1 1 2 12
30 1 1 2 13
31 1 1 2 14
32 1 1 2 15
33 1 1 2 16
34 1 1 2 17
35 1 1 3 1
36 1 1 3 2
37 1 1 3 3
38 1 1 3 4
39 1 1 3 5
40 1 1 3 6
41 1 1 3 7
42 1 1 3 8
43 1 1 3 9
44 1 1 3 10
45 1 1 3 11
46 1 1 3 12
47 1 1 3 13
48 1 1 3 14
49 1 1 3 15
50 1 1 3 16
51 1 1 3 17
52 1 1 4 1
53 1 1 4 2
54 1 1 4 3
55 1 1 4 4
56 1 1 4 5
57 1 1 4 6
58 1 1 4 7
59 1 1 4 8
60 1 1 4 9
61 1 1 4 10
62 1 1 4 11
63 1 1 4 12
64 1 1 4 13
65 1 1 4 14
66 1 1 4 15
67 1 1 4 16
68 1 1 4 17
69 1 1 5 1
70 1 1 5 2
71 1 1 5 3
72 1 1 5 4
73 1 1 5 5
74 1 1 5 6
75 1 1 5 7
76 1 1 5 8
77 1 1 5 9
78 1 1 5 10
79 1 1 5 11
80 1 1 5 12
81 1 1 5 13
82 1 1 5 14
83 1 1 5 15
84 1 1 5 16
85 1 1 5 17
86 1 1 6 1
87 1 1 6 2
88 1 1 6 3
89 1 1 6 4
90 1 1 6 5
91 1 1 6 6
92 1 1 6 7
93 1 1 6 8
94 1 1 6 9
95 1 1 6 10
96 1 1 6 11
97 1 1 6 12
98 1 1 6 13
99 1 1 6 14
100 1 1 6 15
101 1 1 6 16
102 1 1 6 17
103 1 1 7 1
104 1 1 7 2
105 1 1 7 3
106 1 1 7 4
107 1 1 7 5
108 1 1 7 6
109 1 1 7 7
110 1 1 7 8
111 1 1 7 9
112 1 1 7 10
113 1 1 7 11
114 1 1 7 12
115 1 1 7 13
116 1 1 7 14
117 1 1 7 15
118 1 1 7 16
119 1 1 7 17
120 1 1 8 1
121 1 1 8 2
122 1 1 8 3
123 1 1 8 4
124 1 1 8 5
125 1 1 8 6
126 1 1 8 7
127 1 1 8 8
128 1 1 8 9
129 1 1 8 10
130 1 1 8 11
131 1 1 8 12
132 1 1 8 13
133 1 1 8 14
134 1 1 8 15
135 1 1 8 16
136 1 1 8 17
137 1 1 9 1
138 1 1 9 2
139 1 1 9 3
140 1 1 9 4
141 1 1 9 5
142 1 1 9 6
143 1 1 9 7
144 1 1 9 8
145 1 1 9 9
146 1 1 9 10
147 1 1 9 11
148 1 1 9 12
149 1 1 9 13
150 1 1 9 14
151 1 1 9 15
152 1 1 9 16
153 1 1 9 17
154 1 1 10 1
155 1 1 10 2
156 1 1 10 3
157 1 1 10 4
158 1 1 10 5
159 1 1 10 6
160 1 1 10 7
161 1 1 10 8
162 1 1 10 9
163 1 1 10 10
164 1 1 10 11
165 1 1 10 12
166 1 1 10 13
167 1 1 10 14
168 1 1 10 15
169 1 1 10 16
170 1 1 10 17
171 1 1 11 1
172 1 1 11 2
173 1 1 11 3
174 1 1 11 4
175 1 1 11 5
176 1 1 11 6
177 1 1 11 7
178 1 1 11 8
179 1 1 11 9
180 1 1 11 10
181 1 1 11 11
182 1 1 11 12
183 1 1 11 13
184 1 1 11 14
185 1 1 11 15
186 1 1 11 16
187 1 1 11 17
188 1 1 12 1
189 1 1 12 2
190 1 1 12 3
191 1 1 12 4
192 1 1 12 5
193 1 1 12 6
194 1 1 12 7
195 1 1 12 8
196 1 1 12 9
197 1 1 12 10
198 1 1 12 11
199 1 1 12 12
200 1 1 12 13
201 1 1 12 14
202 1 1 12 15
203 1 1 12 16
204 1 1 12 17
205 1 1 13 1
206 1 1 13 2
207 1 1 13 3
208 1 1 13 4
209 1 1 13 5
210 1 1 13 6
211 1 1 13 7
212 1 1 13 8
213 1 1 13 9
214 1 1 13 10
215 1 1 13 11
216 1 1 13 12
217 1 1 13 13
218 1 1 13 14
219 1 1 13 15
220 1 1 13 16
221 1 1 13 17
222 1 1 14 1
223 1 1 14 2
224 1 1 14 3
225 1 1 14 4
226 1 1 14 5
227 1 1 14 6
228 1 1 14 7
229 1 1 14 8
230 1 1 14 9
231 1 1 14 10
232 1 1 14 11
233 1 1 14 12
234 1 1 14 13
235 1 1 14 14
236 1 1 14 15
237 1 1 14 16
238 1 1 14 17
239 1 1 15 1
240 1 1 15 2
241 1 1 15 3
242 1 1 15 4
243 1 1 15 5
244 1 1 15 6
245 1 1 15 7
246 1 1 15 8
247 1 1 15 9
248 1 1 15 10
249 1 1 15 11
250 1 1 15 12
251 1 1 15 13
252 1 1 15 14
253 1 1 15 15
254 1 1 15 16
255 1 1 15 17
256 1 1 16 1
257 1 1 16 2
258 1 1 16 3
259 1 1 16 4
260 1 1 16 5
261 1 1 16 6
262 1 1 16 7
263 1 1 16 8
264 1 1 16 9
265 1 1 16 10
266 1 1 16 11
267 1 1 16 12
268 1 1 16 13
269 1 1 16 14
270 1 1 16 15
271 1 1 16 16
272 1 1 16 17
273 1 2 1 1
274 1 2 1 2
275 1 2 1 3
276 1 2 1 4
277 1 2 1 5
278 1 2 1 6
279 1 2 1 7
280 1 2 1 8
281 1 2 1 9
282 1 2 1 10
283 1 2 1 11
284 1 2 1 12
285 1 2 1 13
286 1 2 1 14
287 1 2 1 15
288 1 2 1 16
289 1 2 1 17
290 1 2 2 1
291 1 2 2 2
292 1 2 2 3
293 1 2 2 4
294 1 2 2 5
295 1 2 2 6
296 1 2 2 7
297 1 2 2 8
298 1 2 2 9
299 1 2 2 10
300 1 2 2 11
301 1 2 2 12
302 1 2 2 13
303 1 2 2 14
304 1 2 2 15
305 1 2 2 16
306 1 2 2 17
307 1 2 3 1
308 1 2 3 2
309 1 2 3 3
310 1 2 3 4
311 1 2 3 5
312 1 2 3 6
313 1 2 3 7
314 1 2 3 8
315 1 2 3 9
316 1 2 3 10
317 1 2 3 11
318 1 2 3 12
319 1 2 3 13
320 1 2 3 14
321 1 2 3 15
322 1 2 3 16
323 1 2 3 17
324 1 2 4 1
325 1 2 4 2
326 1 2 4 3
327 1 2 4 4
328 1 2 4 5
329 1 2 4 6
330 1 2 4 7
331 1 2 4 8
332 1 2 4 9
333 1 2 4 10
334 1 2 4 11
335 1 2 4 12
336 1 2 4 13
337 1 2 4 14
338 1 2 4 15
339 1 2 4 16
340 1 2 4 17
341 1 2 5 1
342 1 2 5 2
343 1 2 5 3
344 1 2 5 4
345 1 2 5 5
346 1 2 5 6
347 1 2 5 7
348 1 2 5 8
349 1 2 5 9
350 1 2 5 10
351 1 2 5 11
352 1 2 5 12
353 1 2 5 13
354 1 2 5 14
355 1 2 5 15
356 1 2 5 16
357 1 2 5 17
358 1 2 6 1
359 1 2 6 2
360 1 2 6 3
361 1 2 6 4
362 1 2 6 5
363 1 2 6 6
364 1 2 6 7
365 1 2 6 8
366 1 2 6 9
367 1 2 6 10
368 1 2 6 11
369 1 2 6 12
370 1 2 6 13
371 1 2 6 14
372 1 2 6 15
373 1 2 6 16
374 1 2 6 17
375 1 2 7 1
376 1 2 7 2
377 1 2 7 3
378 1 2 7 4
379 1 2 7 5
380 1 2 7 6
381 1 2 7 7
382 1 2 7 8
383 1 2 7 9
384 1 2 7 10
385 1 2 7 11
386 1 2 7 12
387 1 2 7 13
388 1 2 7 14
389 1 2 7 15
390 1 2 7 16
391 1 2 7 17
392 1 2 8 1
393 1 2 8 2
394 1 2 8 3
395 1 2 8 4
396 1 2 8 5
397 1 2 8 6
398 1 2 8 7
399 1 2 8 8
400 1 2 8 9
401 1 2 8 10
402 1 2 8 11
403 1 2 8 12
404 1 2 8 13
405 1 2 8 14
406 1 2 8 15
407 1 2 8 16
408 1 2 8 17
409 1 2 9 1
410 1 2 9 2
411 1 2 9 3
412 1 2 9 4
413 1 2 9 5
414 1 2 9 6
415 1 2 9 7
416 1 2 9 8
417 1 2 9 9
418 1 2 9 10
419 1 2 9 11
420 1 2 9 12
421 1 2 9 13
422 1 2 9 14
423 1 2 9 15
424 1 2 9 16
425 1 2 9 17
426 1 2 10 1
427 1 2 10 2
428 1 2 10 3
429 1 2 10 4
430 1 2 10 5
431 1 2 10 6
432 1 2 10 7
433 1 2 10 8
434 1 2 10 9
435 1 2 10 10
436 1 2 10 11
437 1 2 10 12
438 1 2 10 13
439 1 2 10 14
440 1 2 10 15
441 1 2 10 16
442 1 2 10 17
443 1 2 11 1
444 1 2 11 2
445 1 2 11 3
446 1 2 11 4
447 1 2 11 5
448 1 2 11 6
449 1 2 11 7
450 1 2 11 8
451 1 2 11 9
452 1 2 11 10
453 1 2 11 11
454 1 2 11 12
455 1 2 11 13
456 1 2 11 14
457 1 2 11 15
458 1 2 11 16
459 1 2 11 17
460 1 2 12 1
461 1 2 12 2
462 1 2 12 3
463 1 2 12 4
464 1 2 12 5
465 1 2 12 6
466 1 2 12 7
467 1 2 12 8
468 1 2 12 9
469 1 2 12 10
470 1 2 12 11
471 1 2 12 12
472 1 2 12 13
473 1 2 12 14
474 1 2 12 15
475 1 2 12 16
476 1 2 12 17
477 1 2 13 1
478 1 2 13 2
479 1 2 13 3
480 1 2 13 4
481 1 2 13 5
482 1 2 13 6
483 1 2 13 7
484 1 2 13 8
485 1 2 13 9
486 1 2 13 10
487 1 2 13 11
488 1 2 13 12
489 1 2 13 13
490 1 2 13 14
491 1 2 13 15
492 1 2 13 16
493 1 2 13 17
494 1 2 14 1
495 1 2 14 2
496 1 2 14 3
497 1 2 14 4
498 1 2 14 5
499 1 2 14 6
500 1 2 14 7
501 1 2 14 8
502 1 2 14 9
503 1 2 14 10
504 1 2 14 11
505 1 2 14 12
506 1 2 14 13
507 1 2 14 14
508 1 2 14 15
509 1 2 14 16
510 1 2 14 17
511 1 2 15 1
512 1 2 15 2
513 1 2 15 3
514 1 2 15 4
515 1 2 15 5
516 1 2 15 6
517 1 2 15 7
518 1 2 15 8
519 1 2 15 9
520 1 2 15 10
521 1 2 15 11
522 1 2 15 12
523 1 2 15 13
524 1 2 15 14
525 1 2 15 15
526 1 2 15 16
527 1 2 15 17
528 1 2 16 1
529 1 2 16 2
530 1 2 16 3
531 1 2 16 4
532 1 2 16 5
533 1 2 16 6
534 1 2 16 7
535 1 2 16 8
536 1 2 16 9
537 1 2 16 10
538 1 2 16 11
539 1 2 16 12
540 1 2 16 13
541 1 2 16 14
542 1 2 16 15
543 1 2 16 16
544 1 2 16 17
545 1 3 1 1
546 1 3 1 2
547 1 3 1 3
548 1 3 1 4
549 1 3 1 5
550 1 3 1 6
551 1 3 1 7
552 1 3 1 8
553 1 3 1 9
554 1 3 1 10
555 1 3 1 11
556 1 3 1 12
557 1 3 1 13
558 1 3 1 14
559 1 3 1 15
560 1 3 1 16
561 1 3 1 17
562 1 3 2 1
563 1 3 2 2
564 1 3 2 3
565 1 3 2 4
566 1 3 2 5
567 1 3 2 6
568 1 3 2 7
569 1 3 2 8
570 1 3 2 9
571 1 3 2 10
572 1 3 2 11
573 1 3 2 12
574 1 3 2 13
575 1 3 2 14
576 1 3 2 15
577 1 3 2 16
578 1 3 2 17
579 1 3 3 1
580 1 3 3 2
581 1 3 3 3
582 1 3 3 4
583 1 3 3 5
584 1 3 3 6
585 1 3 3 7
586 1 3 3 8
587 1 3 3 9
588 1 3 3 10
589 1 3 3 11
590 1 3 3 12
591 1 3 3 13
592 1 3 3 14
593 1 3 3 15
594 1 3 3 16
595 1 3 3 17
596 1 3 4 1
597 1 3 4 2
598 1 3 4 3
599 1 3 4 4
600 1 3 4 5
601 1 3 4 6
602 1 3 4 7
603 1 3 4 8
604 1 3 4 9
605 1 3 4 10
606 1 3 4 11
607 1 3 4 12
608 1 3 4 13
609 1 3 4 14
610 1 3 4 15
611 1 3 4 16
612 1 3 4 17
613 1 3 5 1
614 1 3 5 2
615 1 3 5 3
616 1 3 5 4
617 1 3 5 5
618 1 3 5 6
619 1 3 5 7
620 1 3 5 8
621 1 3 5 9
622 1 3 5 10
623 1 3 5 11
624 1 3 5 12
625 1 3 5 13
626 1 3 5 14
627 1 3 5 15
628 1 3 5 16
629 1 3 5 17
630 1 3 6 1
631 1 3 6 2
632 1 3 6 3
633 1 3 6 4
634 1 3 6 5
635 1 3 6 6
636 1 3 6 7
637 1 3 6 8
638 1 3 6 9
639 1 3 6 10
640 1 3 6 11
641 1 3 6 12
642 1 3 6 13
643 1 3 6 14
644 1 3 6 15
645 1 3 6 16
646 1 3 6 17
647 1 3 7 1
648 1 3 7 2
649 1 3 7 3
650 1 3 7 4
651 1 3 7 5
652 1 3 7 6
653 1 3 7 7
654 1 3 7 8
655 1 3 7 9
656 1 3 7 10
657 1 3 7 11
658 1 3 7 12
659 1 3 7 13
660 1 3 7 14
661 1 3 7 15
662 1 3 7 16
663 1 3 7 17
664 1 3 8 1
665 1 3 8 2
666 1 3 8 3
667 1 3 8 4
668 1 3 8 5
669 1 3 8 6
670 1 3 8 7
671 1 3 8 8
672 1 3 8 9
673 1 3 8 10
674 1 3 8 11
675 1 3 8 12
676 1 3 8 13
677 1 3 8 14
678 1 3 8 15
679 1 3 8 16
680 1 3 8 17
681 1 3 9 1
682 1 3 9 2
683 1 3 9 3
684 1 3 9 4
685 1 3 9 5
686 1 3 9 6
687 1 3 9 7
688 1 3 9 8
689 1 3 9 9
690 1 3 9 10
691 1 3 9 11
692 1 3 9 12
693 1 3 9 13
694 1 3 9 14
695 1 3 9 15
696 1 3 9 16
697 1 3 9 17
698 1 3 10 1
699 1 3 10 2
700 1 3 10 3
701 1 3 10 4
702 1 3 10 5
703 1 3 10 6
704 1 3 10 7
705 1 3 10 8
706 1 3 10 9
707 1 3 10 10
708 1 3 10 11
709 1 3 10 12
710 1 3 10 13
711 1 3 10 14
712 1 3 10 15
713 1 3 10 16
714 1 3 10 17
715 1 3 11 1
716 1 3 11 2
717 1 3 11 3
718 1 3 11 4
719 1 3 11 5
720 1 3 11 6
721 1 3 11 7
722 1 3 11 8
723 1 3 11 9
724 1 3 11 10
725 1 3 11 11
726 1 3 11 12
727 1 3 11 13
728 1 3 11 14
729 1 3 11 15
730 1 3 11 16
731 1 3 11 17
732 1 3 12 1
733 1 3 12 2
734 1 3 12 3
735 1 3 12 4
736 1 3 12 5
737 1 3 12 6
738 1 3 12 7
739 1 3 12 8
740 1 3 12 9
741 1 3 12 10
742 1 3 12 11
743 1 3 12 12
744 1 3 12 13
745 1 3 12 14
746 1 3 12 15
747 1 3 12 16
748 1 3 12 17
749 1 3 13 1
750 1 3 13 2
751 1 3 13 3
752 1 3 13 4
753 1 3 13 5
754 1 3 13 6
755 1 3 13 7
756 1 3 13 8
757 1 3 13 9
758 1 3 13 10
759 1 3 13 11
760 1 3 13 12
761 1 3 13 13
762 1 3 13 14
763 1 3 13 15
764 1 3 13 16
765 1 3 13 17
766 1 3 14 1
767 1 3 14 2
768 1 3 14 3
769 1 3 14 4
770 1 3 14 5
771 1 3 14 6
772 1 3 14 7
773 1 3 14 8
774 1 3 14 9
775 1 3 14 10
776 1 3 14 11
777 1 3 14 12
778 1 3 14 13
779 1 3 14 14
780 1 3 14 15
781 1 3 14 16
782 1 3 14 17
783 1 3 15 1
784 1 3 15 2
785 1 3 15 3
786 1 3 15 4
787 1 3 15 5
788 1 3 15 6
789 1 3 15 7
790 1 3 15 8
791 1 3 15 9
792 1 3 15 10
793 1 3 15 11
794 1 3 15 12
795 1 3 15 13
796 1 3 15 14
797 1 3 15 15
798 1 3 15 16
799 1 3 15 17
800 1 3 16 1
801 1 3 16 2
802 1 3 16 3
803 1 3 16 4
804 1 3 16 5
805 1 3 16 6
806 1 3 16 7
807 1 3 16 8
808 1 3 16 9
809 1 3 16 10
810 1 3 16 11
811 1 3 16 12
812 1 3 16 13
813 1 3 16 14
814 1 3 16 15
815 1 3 16 16
816 1 3 16 17
817 1 4 1 1
818 1 4 1 2
819 1 4 1 3
820 1 4 1 4
821 1 4 1 5
822 1 4 1 6
823 1 4 1 7
824 1 4 1 8
825 1 4 1 9
826 1 4 1 10
827 1 4 1 11
828 1 4 1 12
829 1 4 1 13
830 1 4 1 14
831 1 4 1 15
832 1 4 1 16
833 1 4 1 17
834 1 4 2 1
835 1 4 2 2
836 1 4 2 3
837 1 4 2 4
838 1 4 2 5
839 1 4 2 6
840 1 4 2 7
841 1 4 2 8
842 1 4 2 9
843 1 4 2 10
844 1 4 2 11
845 1 4 2 12
846 1 4 2 13
847 1 4 2 14
848 1 4 2 15
849 1 4 2 16
850 1 4 2 17
851 1 4 3 1
852 1 4 3 2
853 1 4 3 3
854 1 4 3 4
855 1 4 3 5
856 1 4 3 6
857 1 4 3 7
858 1 4 3 8
859 1 4 3 9
860 1 4 3 10
861 1 4 3 11
862 1 4 3 12
863 1 4 3 13
864 1 4 3 14
865 1 4 3 15
866 1 4 3 16
867 1 4 3 17
868 1 4 4 1
869 1 4 4 2
870 1 4 4 3
871 1 4 4 4
872 1 4 4 5
873 1 4 4 6
874 1 4 4 7
875 1 4 4 8
876 1 4 4 9
877 1 4 4 10
878 1 4 4 11
879 1 4 4 12
880 1 4 4 13
881 1 4 4 14
882 1 4 4 15
883 1 4 4 16
884 1 4 4 17
885 1 4 5 1
886 1 4 5 2
887 1 4 5 3
888 1 4 5 4
889 1 4 5 5
890 1 4 5 6
891 1 4 5 7
892 1 4 5 8
893 1 4 5 9
894 1 4 5 10
895 1 4 5 11
896 1 4 5 12
897 1 4 5 13
898 1 4 5 14
899 1 4 5 15
900 1 4 5 16
901 1 4 5 17
902 1 4 6 1
903 1 4 6 2
904 1 4 6 3
905 1 4 6 4
906 1 4 6 5
907 1 4 6 6
908 1 4 6 7
909 1 4 6 8
910 1 4 6 9
911 1 4 6 10
912 1 4 6 11
913 1 4 6 12
914 1 4 6 13
915 1 4 6 14
916 1 4 6 15
917 1 4 6 16
918 1 4 6 17
919 1 4 7 1
920 1 4 7 2
921 1 4 7 3
922 1 4 7 4
923 1 4 7 5
924 1 4 7 6
925 1 4 7 7
926 1 4 7 8
927 1 4 7 9
928 1 4 7 10
929 1 4 7 11
930 1 4 7 12
931 1 4 7 13
932 1 4 7 14
933 1 4 7 15
934 1 4 7 16
935 1 4 7 17
936 1 4 8 1
937 1 4 8 2
938 1 4 8 3
939 1 4 8 4
940 1 4 8 5
941 1 4 8 6
942 1 4 8 7
943 1 4 8 8
944 1 4 8 9
945 1 4 8 10
946 1 4 8 11
947 1 4 8 12
948 1 4 8 13
949 1 4 8 14
950 1 4 8 15
951 1 4 8 16
952 1 4 8 17
953 1 4 9 1
954 1 4 9 2
955 1 4 9 3
956 1 4 9 4
957 1 4 9 5
958 1 4 9 6
959 1 4 9 7
960 1 4 9 8
961 1 4 9 9
962 1 4 9 10
963 1 4 9 11
964 1 4 9 12
965 1 4 9 13
966 1 4 9 14
967 1 4 9 15
968 1 4 9 16
969 1 4 9 17
970 1 4 10 1
971 1 4 10 2
972 1 4 10 3
973 1 4 10 4
974 1 4 10 5
975 1 4 10 6
976 1 4 10 7
977 1 4 10 8
978 1 4 10 9
979 1 4 10 10
980 1 4 10 11
981 1 4 10 12
982 1 4 10 13
983 1 4 10 14
984 1 4 10 15
985 1 4 10 16
986 1 4 10 17
987 1 4 11 1
988 1 4 11 2
989 1 4 11 3
990 1 4 11 4
991 1 4 11 5
992 1 4 11 6
993 1 4 11 7
994 1 4 11 8
995 1 4 11 9
996 1 4 11 10
997 1 4 11 11
998 1 4 11 12
999 1 4 11 13
1000 1 4 11 14
1001 1 4 11 15
1002 1 4 11 16
1003 1 4 11 17
1004 1 4 12 1
1005 1 4 12 2
1006 1 4 12 3
1007 1 4 12 4
1008 1 4 12 5
1009 1 4 12 6
1010 1 4 12 7
1011 1 4 12 8
1012 1 4 12 9
1013 1 4 12 10
1014 1 4 12 11
1015 1 4 12 12
1016 1 4 12 13
1017 1 4 12 14
1018 1 4 12 15
1019 1 4 12 16
1020 1 4 12 17
1021 1 4 13 1
1022 1 4 13 2
1023 1 4 13 3
1024 1 4 13 4
1025 1 4 13 5
1026 1 4 13 6
1027 1 4 13 7
1028 1 4 13 8
1029 1 4 13 9
1030 1 4 13 10
1031 1 4 13 11
1032 1 4 13 12
1033 1 4 13 13
1034 1 4 13 14
1035 1 4 13 15
1036 1 4 13 16
1037 1 4 13 17
1038 1 4 14 1
1039 1 4 14 2
1040 1 4 14 3
1041 1 4 14 4
1042 1 4 14 5
1043 1 4 14 6
1044 1 4 14 7
1045 1 4 14 8
1046 1 4 14 9
1047 1 4 14 10
1048 1 4 14 11
1049 1 4 14 12
1050 1 4 14 13
1051 1 4 14 14
1052 1 4 14 15
1053 1 4 14 16
1054 1 4 14 17
1055 1 4 15 1
1056 1 4 15 2
1057 1 4 15 3
1058 1 4 15 4
1059 1 4 15 5
1060 1 4 15 6
1061 1 4 15 7
1062 1 4 15 8
1063 1 4 15 9
1064 1 4 15 10
1065 1 4 15 11
1066 1 4 15 12
1067 1 4 15 13
1068 1 4 15 14
1069 1 4 15 15
1070 1 4 15 16
1071 1 4 15 17
1072 1 4 16 1
1073 1 4 16 2
1074 1 4 16 3
1075 1 4 16 4
1076 1 4 16 5
1077 1 4 16 6
1078 1 4 16 7
1079 1 4 16 8
1080 1 4 16 9
1081 1 4 16 10
1082 1 4 16 11
1083 1 4 16 12
1084 1 4 16 13
1085 1 4 16 14
1086 1 4 16 15
1087 1 4 16 16
1088 1 4 16 17
1089 2 1 1 1
1090 2 1 1 2
1091 2 1 1 3
1092 2 1 1 4
1093 2 1 1 5
1094 2 1 1 6
1095 2 1 1 7
1096 2 1 1 8
1097 2 1 1 9
1098 2 1 1 10
1099 2 1 1 11
1100 2 1 1 12
1101 2 1 1 13
1102 2 1 1 14
1103 2 1 1 15
1104 2 1 1 16
1105 2 1 1 17
1106 2 1 2 1
1107 2 1 2 2
1108 2 1 2 3
1109 2 1 2 4
1110 2 1 2 5
1111 2 1 2 6
1112 2 1 2 7
1113 2 1 2 8
1114 2 1 2 9
1115 2 1 2 10
1116 2 1 2 11
1117 2 1 2 12
1118 2 1 2 13
1119 2 1 2 14
1120 2 1 2 15
1121 2 1 2 16
1122 2 1 2 17
1123 2 1 3 1
1124 2 1 3 2
1125 2 1 3 3
1126 2 1 3 4
1127 2 1 3 5
1128 2 1 3 6
1129 2 1 3 7
1130 2 1 3 8
1131 2 1 3 9
1132 2 1 3 10
1133 2 1 3 11
1134 2 1 3 12
1135 2 1 3 13
1136 2 1 3 14
1137 2 1 3 15
1138 2 1 3 16
1139 2 1 3 17
1140 2 1 4 1
1141 2 1 4 2
1142 2 1 4 3
1143 2 1 4 4
1144 2 1 4 5
1145 2 1 4 6
1146 2 1 4 7
1147 2 1 4 8
1148 2 1 4 9
1149 2 1 4 10
1150 2 1 4 11
1151 2 1 4 12
1152 2 1 4 13
1153 2 1 4 14
1154 2 1 4 15
1155 2 1 4 16
1156 2 1 4 17
1157 2 1 5 1
1158 2 1 5 2
1159 2 1 5 3
1160 2 1 5 4
1161 2 1 5 5
1162 2 1 5 6
1163 2 1 5 7
1164 2 1 5 8
1165 2 1 5 9
1166 2 1 5 10
1167 2 1 5 11
1168 2 1 5 12
1169 2 1 5 13
1170 2 1 5 14
1171 2 1 5 15
1172 2 1 5 16
1173 2 1 5 17
1174 2 1 6 1
1175 2 1 6 2
1176 2 1 6 3
1177 2 1 6 4
1178 2 1 6 5
1179 2 1 6 6
1180 2 1 6 7
1181 2 1 6 8
1182 2 1 6 9
1183 2 1 6 10
1184 2 1 6 11
1185 2 1 6 12
1186 2 1 6 13
1187 2 1 6 14
1188 2 1 6 15
1189 2 1 6 16
1190 2 1 6 17
1191 2 1 7 1
1192 2 1 7 2
1193 2 1 7 3
1194 2 1 7 4
1195 2 1 7 5
1196 2 1 7 6
1197 2 1 7 7
1198 2 1 7 8
1199 2 1 7 9
1200 2 1 7 10
1201 2 1 7 11
1202 2 1 7 12
1203 2 1 7 13
1204 2 1 7 14
1205 2 1 7 15
1206 2 1 7 16
1207 2 1 7 17
1208 2 1 8 1
1209 2 1 8 2
1210 2 1 8 3
1211 2 1 8 4
1212 2 1 8 5
1213 2 1 8 6
1214 2 1 8 7
1215 2 1 8 8
1216 2 1 8 9
1217 2 1 8 10
1218 2 1 8 11
1219 2 1 8 12
1220 2 1 8 13
1221 2 1 8 14
1222 2 1 8 15
1223 2 1 8 16
1224 2 1 8 17
1225 2 1 9 1
1226 2 1 9 2
1227 2 1 9 3
1228 2 1 9 4
1229 2 1 9 5
1230 2 1 9 6
1231 2 1 9 7
1232 2 1 9 8
1233 2 1 9 9
1234 2 1 9 10
1235 2 1 9 11
1236 2 1 9 12
1237 2 1 9 13
1238 2 1 9 14
1239 2 1 9 15
1240 2 1 9 16
1241 2 1 9 17
1242 2 1 10 1
1243 2 1 10 2
1244 2 1 10 3
1245 2 1 10 4
1246 2 1 10 5
1247 2 1 10 6
1248 2 1 10 7
1249 2 1 10 8
1250 2 1 10 9
1251 2 1 10 10
1252 2 1 10 11
1253 2 1 10 12
1254 2 1 10 13
1255 2 1 10 14
1256 2 1 10 15
1257 2 1 10 16
1258 2 1 10 17
1259 2 1 11 1
1260 2 1 11 2
1261 2 1 11 3
1262 2 1 11 4
1263 2 1 11 5
1264 2 1 11 6
1265 2 1 11 7
1266 2 1 11 8
1267 2 1 11 9
1268 2 1 11 10
1269 2 1 11 11
1270 2 1 11 12
1271 2 1 11 13
1272 2 1 11 14
1273 2 1 11 15
1274 2 1 11 16
1275 2 1 11 17
1276 2 1 12 1
1277 2 1 12 2
1278 2 1 12 3
1279 2 1 12 4
1280 2 1 12 5
1281 2 1 12 6
1282 2 1 12 7
1283 2 1 12 8
1284 2 1 12 9
1285 2 1 12 10
1286 2 1 12 11
1287 2 1 12 12
1288 2 1 12 13
1289 2 1 12 14
1290 2 1 12 15
1291 2 1 12 16
1292 2 1 12 17
1293 2 1 13 1
1294 2 1 13 2
1295 2 1 13 3
1296 2 1 13 4
1297 2 1 13 5
1298 2 1 13 6
1299 2 1 13 7
1300 2 1 13 8
1301 2 1 13 9
1302 2 1 13 10
1303 2 1 13 11
1304 2 1 13 12
1305 2 1 13 13
1306 2 1 13 14
1307 2 1 13 15
1308 2 1 13 16
1309 2 1 13 17
1310 2 1 14 1
1311 2 1 14 2
1312 2 1 14 3
1313 2 1 14 4
1314 2 1 14 5
1315 2 1 14 6
1316 2 1 14 7
1317 2 1 14 8
1318 2 1 14 9
1319 2 1 14 10
1320 2 1 14 11
1321 2 1 14 12
1322 2 1 14 13
1323 2 1 14 14
1324 2 1 14 15
1325 2 1 14 16
1326 2 1 14 17
1327 2 1 15 1
1328 2 1 15 2
1329 2 1 15 3
1330 2 1 15 4
1331 2 1 15 5
1332 2 1 15 6
1333 2 1 15 7
1334 2 1 15 8
1335 2 1 15 9
1336 2 1 15 10
1337 2 1 15 11
1338 2 1 15 12
1339 2 1 15 13
1340 2 1 15 14
1341 2 1 15 15
1342 2 1 15 16
1343 2 1 15 17
1344 2 1 16 1
1345 2 1 16 2
1346 2 1 16 3
1347 2 1 16 4
1348 2 1 16 5
1349 2 1 16 6
1350 2 1 16 7
1351 2 1 16 8
1352 2 1 16 9
1353 2 1 16 10
1354 2 1 16 11
1355 2 1 16 12
1356 2 1 16 13
1357 2 1 16 14
1358 2 1 16 15
1359 2 1 16 16
1360 2 1 16 17
1361 2 2 1 1
1362 2 2 1 2
1363 2 2 1 3
1364 2 2 1 4
1365 2 2 1 5
1366 2 2 1 6
1367 2 2 1 7
1368 2 2 1 8
1369 2 2 1 9
1370 2 2 1 10
1371 2 2 1 11
1372 2 2 1 12
1373 2 2 1 13
1374 2 2 1 14
1375 2 2 1 15
1376 2 2 1 16
1377 2 2 1 17
1378 2 2 2 1
1379 2 2 2 2
1380 2 2 2 3
1381 2 2 2 4
1382 2 2 2 5
1383 2 2 2 6
1384 2 2 2 7
1385 2 2 2 8
1386 2 2 2 9
1387 2 2 2 10
1388 2 2 2 11
1389 2 2 2 12
1390 2 2 2 13
1391 2 2 2 14
1392 2 2 2 15
1393 2 2 2 16
1394 2 2 2 17
1395 2 2 3 1
1396 2 2 3 2
1397 2 2 3 3
1398 2 2 3 4
1399 2 2 3 5
1400 2 2 3 6
1401 2 2 3 7
1402 2 2 3 8
1403 2 2 3 9
1404 2 2 3 10
1405 2 2 3 11
1406 2 2 3 12
1407 2 2 3 13
1408 2 2 3 14
1409 2 2 3 15
1410 2 2 3 16
1411 2 2 3 17
1412 2 2 4 1
1413 2 2 4 2
1414 2 2 4 3
1415 2 2 4 4
1416 2 2 4 5
1417 2 2 4 6
1418 2 2 4 7
1419 2 2 4 8
1420 2 2 4 9
1421 2 2 4 10
1422 2 2 4 11
1423 2 2 4 12
1424 2 2 4 13
1425 2 2 4 14
1426 2 2 4 15
1427 2 2 4 16
1428 2 2 4 17
1429 2 2 5 1
1430 2 2 5 2
1431 2 2 5 3
1432 2 2 5 4
1433 2 2 5 5
1434 2 2 5 6
1435 2 2 5 7
1436 2 2 5 8
1437 2 2 5 9
1438 2 2 5 10
1439 2 2 5 11
1440 2 2 5 12
1441 2 2 5 13
1442 2 2 5 14
1443 2 2 5 15
1444 2 2 5 16
1445 2 2 5 17
1446 2 2 6 1
1447 2 2 6 2
1448 2 2 6 3
1449 2 2 6 4
1450 2 2 6 5
1451 2 2 6 6
1452 2 2 6 7
1453 2 2 6 8
1454 2 2 6 9
1455 2 2 6 10
1456 2 2 6 11
1457 2 2 6 12
1458 2 2 6 13
1459 2 2 6 14
1460 2 2 6 15
1461 2 2 6 16
1462 2 2 6 17
1463 2 2 7 1
1464 2 2 7 2
1465 2 2 7 3
1466 2 2 7 4
1467 2 2 7 5
1468 2 2 7 6
1469 2 2 7 7
1470 2 2 7 8
1471 2 2 7 9
1472 2 2 7 10
1473 2 2 7 11
1474 2 2 7 12
1475 2 2 7 13
1476 2 2 7 14
1477 2 2 7 15
1478 2 2 7 16
1479 2 2 7 17
1480 2 2 8 1
1481 2 2 8 2
1482 2 2 8 3
1483 2 2 8 4
1484 2 2 8 5
1485 2 2 8 6
1486 2 2 8 7
1487 2 2 8 8
1488 2 2 8 9
1489 2 2 8 10
1490 2 2 8 11
1491 2 2 8 12
1492 2 2 8 13
1493 2 2 8 14
1494 2 2 8 15
1495 2 2 8 16
1496 2 2 8 17
1497 2 2 9 1
1498 2 2 9 2
1499 2 2 9 3
1500 2 2 9 4
1501 2 2 9 5
1502 2 2 9 6
1503 2 2 9 7
1504 2 2 9 8
1505 2 2 9 9
1506 2 2 9 10
1507 2 2 9 11
1508 2 2 9 12
1509 2 2 9 13
1510 2 2 9 14
1511 2 2 9 15
1512 2 2 9 16
1513 2 2 9 17
1514 2 2 10 1
1515 2 2 10 2
1516 2 2 10 3
1517 2 2 10 4
1518 2 2 10 5
1519 2 2 10 6
1520 2 2 10 7
1521 2 2 10 8
1522 2 2 10 9
1523 2 2 10 10
1524 2 2 10 11
1525 2 2 10 12
1526 2 2 10 13
1527 2 2 10 14
1528 2 2 10 15
1529 2 2 10 16
1530 2 2 10 17
1531 2 2 11 1
1532 2 2 11 2
1533 2 2 11 3
1534 2 2 11 4
1535 2 2 11 5
1536 2 2 11 6
1537 2 2 11 7
1538 2 2 11 8
1539 2 2 11 9
1540 2 2 11 10
1541 2 2 11 11
1542 2 2 11 12
1543 2 2 11 13
1544 2 2 11 14
1545 2 2 11 15
1546 2 2 11 16
1547 2 2 11 17
1548 2 2 12 1
1549 2 2 12 2
1550 2 2 12 3
1551 2 2 12 4
1552 2 2 12 5
1553 2 2 12 6
1554 2 2 12 7
1555 2 2 12 8
1556 2 2 12 9
1557 2 2 12 10
1558 2 2 12 11
1559 2 2 12 12
1560 2 2 12 13
1561 2 2 12 14
1562 2 2 12 15
1563 2 2 12 16
1564 2 2 12 17
1565 2 2 13 1
1566 2 2 13 2
1567 2 2 13 3
1568 2 2 13 4
1569 2 2 13 5
1570 2 2 13 6
1571 2 2 13 7
1572 2 2 13 8
1573 2 2 13 9
1574 2 2 13 10
1575 2 2 13 11
1576 2 2 13 12
1577 2 2 13 13
1578 2 2 13 14
1579 2 2 13 15
1580 2 2 13 16
1581 2 2 13 17
1582 2 2 14 1
1583 2 2 14 2
1584 2 2 14 3
1585 2 2 14 4
1586 2 2 14 5
1587 2 2 14 6
1588 2 2 14 7
1589 2 2 14 8
1590 2 2 14 9
1591 2 2 14 10
1592 2 2 14 11
1593 2 2 14 12
1594 2 2 14 13
1595 2 2 14 14
1596 2 2 14 15
1597 2 2 14 16
1598 2 2 14 17
1599 2 2 15 1
1600 2 2 15 2
1601 2 2 15 3
1602 2 2 15 4
1603 2 2 15 5
1604 2 2 15 6
1605 2 2 15 7
1606 2 2 15 8
1607 2 2 15 9
1608 2 2 15 10
1609 2 2 15 11
1610 2 2 15 12
1611 2 2 15 13
1612 2 2 15 14
1613 2 2 15 15
1614 2 2 15 16
1615 2 2 15 17
1616 2 2 16 1
1617 2 2 16 2
1618 2 2 16 3
1619 2 2 16 4
1620 2 2 16 5
1621 2 2 16 6
1622 2 2 16 7
1623 2 2 16 8
1624 2 2 16 9
1625 2 2 16 10
1626 2 2 16 11
1627 2 2 16 12
1628 2 2 16 13
1629 2 2 16 14
1630 2 2 16 15
1631 2 2 16 16
1632 2 2 16 17
1633 2 3 1 1
1634 2 3 1 2
1635 2 3 1 3
1636 2 3 1 4
1637 2 3 1 5
1638 2 3 1 6
1639 2 3 1 7
1640 2 3 1 8
1641 2 3 1 9
1642 2 3 1 10
1643 2 3 1 11
1644 2 3 1 12
1645 2 3 1 13
1646 2 3 1 14
1647 2 3 1 15
1648 2 3 1 16
1649 2 3 1 17
1650 2 3 2 1
1651 2 3 2 2
1652 2 3 2 3
1653 2 3 2 4
1654 2 3 2 5
1655 2 3 2 6
1656 2 3 2 7
1657 2 3 2 8
1658 2 3 2 9
1659 2 3 2 10
1660 2 3 2 11
1661 2 3 2 12
1662 2 3 2 13
1663 2 3 2 14
1664 2 3 2 15
1665 2 3 2 16
1666 2 3 2 17
1667 2 3 3 1
1668 2 3 3 2
1669 2 3 3 3
1670 2 3 3 4
1671 2 3 3 5
1672 2 3 3 6
1673 2 3 3 7
1674 2 3 3 8
1675 2 3 3 9
1676 2 3 3 10
1677 2 3 3 11
1678 2 3 3 12
1679 2 3 3 13
1680 2 3 3 14
1681 2 3 3 15
1682 2 3 3 16
1683 2 3 3 17
1684 2 3 4 1
1685 2 3 4 2
1686 2 3 4 3
1687 2 3 4 4
1688 2 3 4 5
1689 2 3 4 6
1690 2 3 4 7
1691 2 3 4 8
1692 2 3 4 9
1693 2 3 4 10
1694 2 3 4 11
1695 2 3 4 12
1696 2 3 4 13
1697 2 3 4 14
1698 2 3 4 15
1699 2 3 4 16
1700 2 3 4 17
1701 2 3 5 1
1702 2 3 5 2
1703 2 3 5 3
1704 2 3 5 4
1705 2 3 5 5
1706 2 3 5 6
1707 2 3 5 7
1708 2 3 5 8
1709 2 3 5 9
1710 2 3 5 10
1711 2 3 5 11
1712 2 3 5 12
1713 2 3 5 13
1714 2 3 5 14
1715 2 3 5 15
1716 2 3 5 16
1717 2 3 5 17
1718 2 3 6 1
1719 2 3 6 2
1720 2 3 6 3
1721 2 3 6 4
1722 2 3 6 5
1723 2 3 6 6
1724 2 3 6 7
1725 2 3 6 8
1726 2 3 6 9
1727 2 3 6 10
1728 2 3 6 11
1729 2 3 6 12
1730 2 3 6 13
1731 2 3 6 14
1732 2 3 6 15
1733 2 3 6 16
1734 2 3 6 17
1735 2 3 7 1
1736 2 3 7 2
1737 2 3 7 3
1738 2 3 7 4
1739 2 3 7 5
1740 2 3 7 6
1741 2 3 7 7
1742 2 3 7 8
1743 2 3 7 9
1744 2 3 7 10
1745 2 3 7 11
1746 2 3 7 12
1747 2 3 7 13
1748 2 3 7 14
1749 2 3 7 15
1750 2 3 7 16
1751 2 3 7 17
1752 2 3 8 1
1753 2 3 8 2
1754 2 3 8 3
1755 2 3 8 4
1756 2 3 8 5
1757 2 3 8 6
1758 2 3 8 7
1759 2 3 8 8
1760 2 3 8 9
1761 2 3 8 10
1762 2 3 8 11
1763 2 3 8 12
1764 2 3 8 13
1765 2 3 8 14
1766 2 3 8 15
1767 2 3 8 16
1768 2 3 8 17
1769 2 3 9 1
1770 2 3 9 2
1771 2 3 9 3
1772 2 3 9 4
1773 2 3 9 5
1774 2 3 9 6
1775 2 3 9 7
1776 2 3 9 8
1777 2 3 9 9
1778 2 3 9 10
1779 2 3 9 11
1780 2 3 9 12
1781 2 3 9 13
1782 2 3 9 14
1783 2 3 9 15
1784 2 3 9 16
1785 2 3 9 17
1786 2 3 10 1
1787 2 3 10 2
1788 2 3 10 3
1789 2 3 10 4
1790 2 3 10 5
1791 2 3 10 6
1792 2 3 10 7
1793 2 3 10 8
1794 2 3 10 9
1795 2 3 10 10
1796 2 3 10 11
1797 2 3 10 12
1798 2 3 10 13
1799 2 3 10 14
1800 2 3 10 15
1801 2 3 10 16
1802 2 3 10 17
1803 2 3 11 1
1804 2 3 11 2
1805 2 3 11 3
1806 2 3 11 4
1807 2 3 11 5
1808 2 3 11 6
1809 2 3 11 7
1810 2 3 11 8
1811 2 3 11 9
1812 2 3 11 10
1813 2 3 11 11
1814 2 3 11 12
1815 2 3 11 13
1816 2 3 11 14
1817 2 3 11 15
1818 2 3 11 16
1819 2 3 11 17
1820 2 3 12 1
1821 2 3 12 2
1822 2 3 12 3
1823 2 3 12 4
1824 2 3 12 5
1825 2 3 12 6
1826 2 3 12 7
1827 2 3 12 8
1828 2 3 12 9
1829 2 3 12 10
1830 2 3 12 11
1831 2 3 12 12
1832 2 3 12 13
1833 2 3 12 14
1834 2 3 12 15
1835 2 3 12 16
1836 2 3 12 17
1837 2 3 13 1
1838 2 3 13 2
1839 2 3 13 3
1840 2 3 13 4
1841 2 3 13 5
1842 2 3 13 6
1843 2 3 13 7
1844 2 3 13 8
1845 2 3 13 9
1846 2 3 13 10
1847 2 3 13 11
1848 2 3 13 12
1849 2 3 13 13
1850 2 3 13 14
1851 2 3 13 15
1852 2 3 13 16
1853 2 3 13 17
1854 2 3 14 1
1855 2 3 14 2
1856 2 3 14 3
1857 2 3 14 4
1858 2 3 14 5
1859 2 3 14 6
1860 2 3 14 7
1861 2 3 14 8
1862 2 3 14 9
1863 2 3 14 10
1864 2 3 14 11
1865 2 3 14 12
1866 2 3 14 13
1867 2 3 14 14
1868 2 3 14 15
1869 2 3 14 16
1870 2 3 14 17
1871 2 3 15 1
1872 2 3 15 2
1873 2 3 15 3
1874 2 3 15 4
1875 2 3 15 5
1876 2 3 15 6
1877 2 3 15 7
1878 2 3 15 8
1879 2 3 15 9
1880 2 3 15 10
1881 2 3 15 11
1882 2 3 15 12
1883 2 3 15 13
1884 2 3 15 14
1885 2 3 15 15
1886 2 3 15 16
1887 2 3 15 17
1888 2 3 16 1
1889 2 3 16 2
1890 2 3 16 3
1891 2 3 16 4
1892 2 3 16 5
1893 2 3 16 6
1894 2 3 16 7
1895 2 3 16 8
1896 2 3 16 9
1897 2 3 16 10
1898 2 3 16 11
1899 2 3 16 12
1900 2 3 16 13
1901 2 3 16 14
1902 2 3 16 15
1903 2 3 16 16
1904 2 3 16 17
1905 2 4 1 1
1906 2 4 1 2
1907 2 4 1 3
1908 2 4 1 4
1909 2 4 1 5
1910 2 4 1 6
1911 2 4 1 7
1912 2 4 1 8
1913 2 4 1 9
1914 2 4 1 10
1915 2 4 1 11
1916 2 4 1 12
1917 2 4 1 13
1918 2 4 1 14
1919 2 4 1 15
1920 2 4 1 16
1921 2 4 1 17
1922 2 4 2 1
1923 2 4 2 2
1924 2 4 2 3
1925 2 4 2 4
1926 2 4 2 5
1927 2 4 2 6
1928 2 4 2 7
1929 2 4 2 8
1930 2 4 2 9
1931 2 4 2 10
1932 2 4 2 11
1933 2 4 2 12
1934 2 4 2 13
1935 2 4 2 14
1936 2 4 2 15
1937 2 4 2 16
1938 2 4 2 17
1939 2 4 3 1
1940 2 4 3 2
1941 2 4 3 3
1942 2 4 3 4
1943 2 4 3 5
1944 2 4 3 6
1945 2 4 3 7
1946 2 4 3 8
1947 2 4 3 9
1948 2 4 3 10
1949 2 4 3 11
1950 2 4 3 12
1951 2 4 3 13
1952 2 4 3 14
1953 2 4 3 15
1954 2 4 3 16
1955 2 4 3 17
1956 2 4 4 1
1957 2 4 4 2
1958 2 4 4 3
1959 2 4 4 4
1960 2 4 4 5
1961 2 4 4 6
1962 2 4 4 7
1963 2 4 4 8
1964 2 4 4 9
1965 2 4 4 10
1966 2 4 4 11
1967 2 4 4 12
1968 2 4 4 13
1969 2 4 4 14
1970 2 4 4 15
1971 2 4 4 16
1972 2 4 4 17
1973 2 4 5 1
1974 2 4 5 2
1975 2 4 5 3
1976 2 4 5 4
1977 2 4 5 5
1978 2 4 5 6
1979 2 4 5 7
1980 2 4 5 8
1981 2 4 5 9
1982 2 4 5 10
1983 2 4 5 11
1984 2 4 5 12
1985 2 4 5 13
1986 2 4 5 14
1987 2 4 5 15
1988 2 4 5 16
1989 2 4 5 17
1990 2 4 6 1
1991 2 4 6 2
1992 2 4 6 3
1993 2 4 6 4
1994 2 4 6 5
1995 2 4 6 6
1996 2 4 6 7
1997 2 4 6 8
1998 2 4 6 9
1999 2 4 6 10
2000 2 4 6 11
2001 2 4 6 12
2002 2 4 6 13
2003 2 4 6 14
2004 2 4 6 15
2005 2 4 6 16
2006 2 4 6 17
2007 2 4 7 1
2008 2 4 7 2
2009 2 4 7 3
2010 2 4 7 4
2011 2 4 7 5
2012 2 4 7 6
2013 2 4 7 7
2014 2 4 7 8
2015 2 4 7 9
2016 2 4 7 10
2017 2 4 7 11
2018 2 4 7 12
2019 2 4 7 13
2020 2 4 7 14
2021 2 4 7 15
2022 2 4 7 16
2023 2 4 7 17
2024 2 4 8 1
2025 2 4 8 2
2026 2 4 8 3
2027 2 4 8 4
2028 2 4 8 5
2029 2 4 8 6
2030 2 4 8 7
2031 2 4 8 8
2032 2 4 8 9
2033 2 4 8 10
2034 2 4 8 11
2035 2 4 8 12
2036 2 4 8 13
2037 2 4 8 14
2038 2 4 8 15
2039 2 4 8 16
2040 2 4 8 17
2041 2 4 9 1
2042 2 4 9 2
2043 2 4 9 3
2044 2 4 9 4
2045 2 4 9 5
2046 2 4 9 6
2047 2 4 9 7
2048 2 4 9 8
2049 2 4 9 9
2050 2 4 9 10
2051 2 4 9 11
2052 2 4 9 12
2053 2 4 9 13
2054 2 4 9 14
2055 2 4 9 15
2056 2 4 9 16
2057 2 4 9 17
2058 2 4 10 1
2059 2 4 10 2
2060 2 4 10 3
2061 2 4 10 4
2062 2 4 10 5
2063 2 4 10 6
2064 2 4 10 7
2065 2 4 10 8
2066 2 4 10 9
2067 2 4 10 10
2068 2 4 10 11
2069 2 4 10 12
2070 2 4 10 13
2071 2 4 10 14
2072 2 4 10 15
2073 2 4 10 16
2074 2 4 10 17
2075 2 4 11 1
2076 2 4 11 2
2077 2 4 11 3
2078 2 4 11 4
2079 2 4 11 5
2080 2 4 11 6
2081 2 4 11 7
2082 2 4 11 8
2083 2 4 11 9
2084 2 4 11 10
2085 2 4 11 11
2086 2 4 11 12
2087 2 4 11 13
2088 2 4 11 14
2089 2 4 11 15
2090 2 4 11 16
2091 2 4 11 17
2092 2 4 12 1
2093 2 4 12 2
2094 2 4 12 3
2095 2 4 12 4
2096 2 4 12 5
2097 2 4 12 6
2098 2 4 12 7
2099 2 4 12 8
2100 2 4 12 9
2101 2 4 12 10
2102 2 4 12 11
2103 2 4 12 12
2104 2 4 12 13
2105 2 4 12 14
2106 2 4 12 15
2107 2 4 12 16
2108 2 4 12 17
2109 2 4 13 1
2110 2 4 13 2
2111 2 4 13 3
2112 2 4 13 4
2113 2 4 13 5
2114 2 4 13 6
2115 2 4 13 7
2116 2 4 13 8
2117 2 4 13 9
2118 2 4 13 10
2119 2 4 13 11
2120 2 4 13 12
2121 2 4 13 13
2122 2 4 13 14
2123 2 4 13 15
2124 2 4 13 16
2125 2 4 13 17
2126 2 4 14 1
2127 2 4 14 2
2128 2 4 14 3
2129 2 4 14 4
2130 2 4 14 5
2131 2 4 14 6
2132 2 4 14 7
2133 2 4 14 8
2134 2 4 14 9
2135 2 4 14 10
2136 2 4 14 11
2137 2 4 14 12
2138 2 4 14 13
2139 2 4 14 14
2140 2 4 14 15
2141 2 4 14 16
2142 2 4 14 17
2143 2 4 15 1
2144 2 4 15 2
2145 2 4 15 3
2146 2 4 15 4
2147 2 4 15 5
2148 2 4 15 6
2149 2 4 15 7
2150 2 4 15 8
2151 2 4 15 9
2152 2 4 15 10
2153 2 4 15 11
2154 2 4 15 12
2155 2 4 15 13
2156 2 4 15 14
2157 2 4 15 15
2158 2 4 15 16
2159 2 4 15 17
2160 2 4 16 1
2161 2 4 16 2
2162 2 4 16 3
2163 2 4 16 4
2164 2 4 16 5
2165 2 4 16 6
2166 2 4 16 7
2167 2 4 16 8
2168 2 4 16 9
2169 2 4 16 10
2170 2 4 16 11
2171 2 4 16 12
2172 2 4 16 13
2173 2 4 16 14
2174 2 4 16 15
2175 2 4 16 16
2176 2 4 16 17
2177 3 1 1 1
2178 3 1 1 2
2179 3 1 1 3
2180 3 1 1 4
2181 3 1 1 5
2182 3 1 1 6
2183 3 1 1 7
2184 3 1 1 8
2185 3 1 1 9
2186 3 1 1 10
2187 3 1 1 11
2188 3 1 1 12
2189 3 1 1 13
2190 3 1 1 14
2191 3 1 1 15
2192 3 1 1 16
2193 3 1 1 17
2194 3 1 2 1
2195 3 1 2 2
2196 3 1 2 3
2197 3 1 2 4
2198 3 1 2 5
2199 3 1 2 6
2200 3 1 2 7
2201 3 1 2 8
2202 3 1 2 9
2203 3 1 2 10
2204 3 1 2 11
2205 3 1 2 12
2206 3 1 2 13
2207 3 1 2 14
2208 3 1 2 15
2209 3 1 2 16
2210 3 1 2 17
2211 3 1 3 1
2212 3 1 3 2
2213 3 1 3 3
2214 3 1 3 4
2215 3 1 3 5
2216 3 1 3 6
2217 3 1 3 7
2218 3 1 3 8
2219 3 1 3 9
2220 3 1 3 10
2221 3 1 3 11
2222 3 1 3 12
2223 3 1 3 13
2224 3 1 3 14
2225 3 1 3 15
2226 3 1 3 16
2227 3 1 3 17
2228 3 1 4 1
2229 3 1 4 2
2230 3 1 4 3
2231 3 1 4 4
2232 3 1 4 5
2233 3 1 4 6
2234 3 1 4 7
2235 3 1 4 8
2236 3 1 4 9
2237 3 1 4 10
2238 3 1 4 11
2239 3 1 4 12
2240 3 1 4 13
2241 3 1 4 14
2242 3 1 4 15
2243 3 1 4 16
2244 3 1 4 17
2245 3 1 5 1
2246 3 1 5 2
2247 3 1 5 3
2248 3 1 5 4
2249 3 1 5 5
2250 3 1 5 6
2251 3 1 5 7
2252 3 1 5 8
2253 3 1 5 9
2254 3 1 5 10
2255 3 1 5 11
2256 3 1 5 12
2257 3 1 5 13
2258 3 1 5 14
2259 3 1 5 15
2260 3 1 5 16
2261 3 1 5 17
2262 3 1 6 1
2263 3 1 6 2
2264 3 1 6 3
2265 3 1 6 4
2266 3 1 6 5
2267 3 1 6 6
2268 3 1 6 7
2269 3 1 6 8
2270 3 1 6 9
2271 3 1 6 10
2272 3 1 6 11
2273 3 1 6 12
2274 3 1 6 13
2275 3 1 6 14
2276 3 1 6 15
2277 3 1 6 16
2278 3 1 6 17
2279 3 1 7 1
2280 3 1 7 2
2281 3 1 7 3
2282 3 1 7 4
2283 3 1 7 5
2284 3 1 7 6
2285 3 1 7 7
2286 3 1 7 8
2287 3 1 7 9
2288 3 1 7 10
2289 3 1 7 11
2290 3 1 7 12
2291 3 1 7 13
2292 3 1 7 14
2293 3 1 7 15
2294 3 1 7 16
2295 3 1 7 17
2296 3 1 8 1
2297 3 1 8 2
2298 3 1 8 3
2299 3 1 8 4
2300 3 1 8 5
2301 3 1 8 6
2302 3 1 8 7
2303 3 1 8 8
2304 3 1 8 9
2305 3 1 8 10
2306 3 1 8 11
2307 3 1 8 12
2308 3 1 8 13
2309 3 1 8 14
2310 3 1 8 15
2311 3 1 8 16
2312 3 1 8 17
2313 3 1 9 1
2314 3 1 9 2
2315 3 1 9 3
2316 3 1 9 4
2317 3 1 9 5
2318 3 1 9 6
2319 3 1 9 7
2320 3 1 9 8
2321 3 1 9 9
2322 3 1 9 10
2323 3 1 9 11
2324 3 1 9 12
2325 3 1 9 13
2326 3 1 9 14
2327 3 1 9 15
2328 3 1 9 16
2329 3 1 9 17
2330 3 1 10 1
2331 3 1 10 2
2332 3 1 10 3
2333 3 1 10 4
2334 3 1 10 5
2335 3 1 10 6
2336 3 1 10 7
2337 3 1 10 8
2338 3 1 10 9
2339 3 1 10 10
2340 3 1 10 11
2341 3 1 10 12
2342 3 1 10 13
2343 3 1 10 14
2344 3 1 10 15
2345 3 1 10 16
2346 3 1 10 17
2347 3 1 11 1
2348 3 1 11 2
2349 3 1 11 3
2350 3 1 11 4
2351 3 1 11 5
2352 3 1 11 6
2353 3 1 11 7
2354 3 1 11 8
2355 3 1 11 9
2356 3 1 11 10
2357 3 1 11 11
2358 3 1 11 12
2359 3 1 11 13
2360 3 1 11 14
2361 3 1 11 15
2362 3 1 11 16
2363 3 1 11 17
2364 3 1 12 1
2365 3 1 12 2
2366 3 1 12 3
2367 3 1 12 4
2368 3 1 12 5
2369 3 1 12 6
2370 3 1 12 7
2371 3 1 12 8
2372 3 1 12 9
2373 3 1 12 10
2374 3 1 12 11
2375 3 1 12 12
2376 3 1 12 13
2377 3 1 12 14
2378 3 1 12 15
2379 3 1 12 16
2380 3 1 12 17
2381 3 1 13 1
2382 3 1 13 2
2383 3 1 13 3
2384 3 1 13 4
2385 3 1 13 5
2386 3 1 13 6
2387 3 1 13 7
2388 3 1 13 8
2389 3 1 13 9
2390 3 1 13 10
2391 3 1 13 11
2392 3 1 13 12
2393 3 1 13 13
2394 3 1 13 14
2395 3 1 13 15
2396 3 1 13 16
2397 3 1 13 17
2398 3 1 14 1
2399 3 1 14 2
2400 3 1 14 3
2401 3 1 14 4
2402 3 1 14 5
2403 3 1 14 6
2404 3 1 14 7
2405 3 1 14 8
2406 3 1 14 9
2407 3 1 14 10
2408 3 1 14 11
2409 3 1 14 12
2410 3 1 14 13
2411 3 1 14 14
2412 3 1 14 15
2413 3 1 14 16
2414 3 1 14 17
2415 3 1 15 1
2416 3 1 15 2
2417 3 1 15 3
2418 3 1 15 4
2419 3 1 15 5
2420 3 1 15 6
2421 3 1 15 7
2422 3 1 15 8
2423 3 1 15 9
2424 3 1 15 10
2425 3 1 15 11
2426 3 1 15 12
2427 3 1 15 13
2428 3 1 15 14
2429 3 1 15 15
2430 3 1 15 16
2431 3 1 15 17
2432 3 1 16 1
2433 3 1 16 2
2434 3 1 16 3
2435 3 1 16 4
2436 3 1 16 5
2437 3 1 16 6
2438 3 1 16 7
2439 3 1 16 8
2440 3 1 16 9
2441 3 1 16 10
2442 3 1 16 11
2443 3 1 16 12
2444 3 1 16 13
2445 3 1 16 14
2446 3 1 16 15
2447 3 1 16 16
2448 3 1 16 17
2449 3 2 1 1
2450 3 2 1 2
2451 3 2 1 3
2452 3 2 1 4
2453 3 2 1 5
2454 3 2 1 6
2455 3 2 1 7
2456 3 2 1 8
2457 3 2 1 9
2458 3 2 1 10
2459 3 2 1 11
2460 3 2 1 12
2461 3 2 1 13
2462 3 2 1 14
2463 3 2 1 15
2464 3 2 1 16
2465 3 2 1 17
2466 3 2 2 1
2467 3 2 2 2
2468 3 2 2 3
2469 3 2 2 4
2470 3 2 2 5
2471 3 2 2 6
2472 3 2 2 7
2473 3 2 2 8
2474 3 2 2 9
2475 3 2 2 10
2476 3 2 2 11
2477 3 2 2 12
2478 3 2 2 13
2479 3 2 2 14
2480 3 2 2 15
2481 3 2 2 16
2482 3 2 2 17
2483 3 2 3 1
2484 3 2 3 2
2485 3 2 3 3
2486 3 2 3 4
2487 3 2 3 5
2488 3 2 3 6
2489 3 2 3 7
2490 3 2 3 8
2491 3 2 3 9
2492 3 2 3 10
2493 3 2 3 11
2494 3 2 3 12
2495 3 2 3 13
2496 3 2 3 14
2497 3 2 3 15
2498 3 2 3 16
2499 3 2 3 17
2500 3 2 4 1
2501 3 2 4 2
2502 3 2 4 3
2503 3 2 4 4
2504 3 2 4 5
2505 3 2 4 6
2506 3 2 4 7
2507 3 2 4 8
2508 3 2 4 9
2509 3 2 4 10
2510 3 2 4 11
2511 3 2 4 12
2512 3 2 4 13
2513 3 2 4 14
2514 3 2 4 15
2515 3 2 4 16
2516 3 2 4 17
2517 3 2 5 1
2518 3 2 5 2
2519 3 2 5 3
2520 3 2 5 4
2521 3 2 5 5
2522 3 2 5 6
2523 3 2 5 7
2524 3 2 5 8
2525 3 2 5 9
2526 3 2 5 10
2527 3 2 5 11
2528 3 2 5 12
2529 3 2 5 13
2530 3 2 5 14
2531 3 2 5 15
2532 3 2 5 16
2533 3 2 5 17
2534 3 2 6 1
2535 3 2 6 2
2536 3 2 6 3
2537 3 2 6 4
2538 3 2 6 5
2539 3 2 6 6
2540 3 2 6 7
2541 3 2 6 8
2542 3 2 6 9
2543 3 2 6 10
2544 3 2 6 11
2545 3 2 6 12
2546 3 2 6 13
2547 3 2 6 14
2548 3 2 6 15
2549 3 2 6 16
2550 3 2 6 17
2551 3 2 7 1
2552 3 2 7 2
2553 3 2 7 3
2554 3 2 7 4
2555 3 2 7 5
2556 3 2 7 6
2557 3 2 7 7
2558 3 2 7 8
2559 3 2 7 9
2560 3 2 7 10
2561 3 2 7 11
2562 3 2 7 12
2563 3 2 7 13
2564 3 2 7 14
2565 3 2 7 15
2566 3 2 7 16
2567 3 2 7 17
2568 3 2 8 1
2569 3 2 8 2
2570 3 2 8 3
2571 3 2 8 4
2572 3 2 8 5
2573 3 2 8 6
2574 3 2 8 7
2575 3 2 8 8
2576 3 2 8 9
2577 3 2 8 10
2578 3 2 8 11
2579 3 2 8 12
2580 3 2 8 13
2581 3 2 8 14
2582 3 2 8 15
2583 3 2 8 16
2584 3 2 8 17
2585 3 2 9 1
2586 3 2 9 2
2587 3 2 9 3
2588 3 2 9 4
2589 3 2 9 5
2590 3 2 9 6
2591 3 2 9 7
2592 3 2 9 8
2593 3 2 9 9
2594 3 2 9 10
2595 3 2 9 11
2596 3 2 9 12
2597 3 2 9 13
2598 3 2 9 14
2599 3 2 9 15
2600 3 2 9 16
2601 3 2 9 17
2602 3 2 10 1
2603 3 2 10 2
2604 3 2 10 3
2605 3 2 10 4
2606 3 2 10 5
2607 3 2 10 6
2608 3 2 10 7
2609 3 2 10 8
2610 3 2 10 9
2611 3 2 10 10
2612 3 2 10 11
2613 3 2 10 12
2614 3 2 10 13
2615 3 2 10 14
2616 3 2 10 15
2617 3 2 10 16
2618 3 2 10 17
2619 3 2 11 1
2620 3 2 11 2
2621 3 2 11 3
2622 3 2 11 4
2623 3 2 11 5
2624 3 2 11 6
2625 3 2 11 7
2626 3 2 11 8
2627 3 2 11 9
2628 3 2 11 10
2629 3 2 11 11
2630 3 2 11 12
2631 3 2 11 13
2632 3 2 11 14
2633 3 2 11 15
2634 3 2 11 16
2635 3 2 11 17
2636 3 2 12 1
2637 3 2 12 2
2638 3 2 12 3
2639 3 2 12 4
2640 3 2 12 5
2641 3 2 12 6
2642 3 2 12 7
2643 3 2 12 8
2644 3 2 12 9
2645 3 2 12 10
2646 3 2 12 11
2647 3 2 12 12
2648 3 2 12 13
2649 3 2 12 14
2650 3 2 12 15
2651 3 2 12 16
2652 3 2 12 17
2653 3 2 13 1
2654 3 2 13 2
2655 3 2 13 3
2656 3 2 13 4
2657 3 2 13 5
2658 3 2 13 6
2659 3 2 13 7
2660 3 2 13 8
2661 3 2 13 9
2662 3 2 13 10
2663 3 2 13 11
2664 3 2 13 12
2665 3 2 13 13
2666 3 2 13 14
2667 3 2 13 15
2668 3 2 13 16
2669 3 2 13 17
2670 3 2 14 1
2671 3 2 14 2
2672 3 2 14 3
2673 3 2 14 4
2674 3 2 14 5
2675 3 2 14 6
2676 3 2 14 7
2677 3 2 14 8
2678 3 2 14 9
2679 3 2 14 10
2680 3 2 14 11
2681 3 2 14 12
2682 3 2 14 13
2683 3 2 14 14
2684 3 2 14 15
2685 3 2 14 16
2686 3 2 14 17
2687 3 2 15 1
2688 3 2 15 2
2689 3 2 15 3
2690 3 2 15 4
2691 3 2 15 5
2692 3 2 15 6
2693 3 2 15 7
2694 3 2 15 8
2695 3 2 15 9
2696 3 2 15 10
2697 3 2 15 11
2698 3 2 15 12
2699 3 2 15 13
2700 3 2 15 14
2701 3 2 15 15
2702 3 2 15 16
2703 3 2 15 17
2704 3 2 16 1
2705 3 2 16 2
2706 3 2 16 3
2707 3 2 16 4
2708 3 2 16 5
2709 3 2 16 6
2710 3 2 16 7
2711 3 2 16 8
2712 3 2 16 9
2713 3 2 16 10
2714 3 2 16 11
2715 3 2 16 12
2716 3 2 16 13
2717 3 2 16 14
2718 3 2 16 15
2719 3 2 16 16
2720 3 2 16 17
2721 3 3 1 1
2722 3 3 1 2
2723 3 3 1 3
2724 3 3 1 4
2725 3 3 1 5
2726 3 3 1 6
2727 3 3 1 7
2728 3 3 1 8
2729 3 3 1 9
2730 3 3 1 10
2731 3 3 1 11
2732 3 3 1 12
2733 3 3 1 13
2734 3 3 1 14
2735 3 3 1 15
2736 3 3 1 16
2737 3 3 1 17
2738 3 3 2 1
2739 3 3 2 2
2740 3 3 2 3
2741 3 3 2 4
2742 3 3 2 5
2743 3 3 2 6
2744 3 3 2 7
2745 3 3 2 8
2746 3 3 2 9
2747 3 3 2 10
2748 3 3 2 11
2749 3 3 2 12
2750 3 3 2 13
2751 3 3 2 14
2752 3 3 2 15
2753 3 3 2 16
2754 3 3 2 17
2755 3 3 3 1
2756 3 3 3 2
2757 3 3 3 3
2758 3 3 3 4
2759 3 3 3 5
2760 3 3 3 6
2761 3 3 3 7
2762 3 3 3 8
2763 3 3 3 9
2764 3 3 3 10
2765 3 3 3 11
2766 3 3 3 12
2767 3 3 3 13
2768 3 3 3 14
2769 3 3 3 15
2770 3 3 3 16
2771 3 3 3 17
2772 3 3 4 1
2773 3 3 4 2
2774 3 3 4 3
2775 3 3 4 4
2776 3 3 4 5
2777 3 3 4 6
2778 3 3 4 7
2779 3 3 4 8
2780 3 3 4 9
2781 3 3 4 10
2782 3 3 4 11
2783 3 3 4 12
2784 3 3 4 13
2785 3 3 4 14
2786 3 3 4 15
2787 3 3 4 16
2788 3 3 4 17
2789 3 3 5 1
2790 3 3 5 2
2791 3 3 5 3
2792 3 3 5 4
2793 3 3 5 5
2794 3 3 5 6
2795 3 3 5 7
2796 3 3 5 8
2797 3 3 5 9
2798 3 3 5 10
2799 3 3 5 11
2800 3 3 5 12
2801 3 3 5 13
2802 3 3 5 14
2803 3 3 5 15
2804 3 3 5 16
2805 3 3 5 17
2806 3 3 6 1
2807 3 3 6 2
2808 3 3 6 3
2809 3 3 6 4
2810 3 3 6 5
2811 3 3 6 6
2812 3 3 6 7
2813 3 3 6 8
2814 3 3 6 9
2815 3 3 6 10
2816 3 3 6 11
2817 3 3 6 12
2818 3 3 6 13
2819 3 3 6 14
2820 3 3 6 15
2821 3 3 6 16
2822 3 3 6 17
2823 3 3 7 1
2824 3 3 7 2
2825 3 3 7 3
2826 3 3 7 4
2827 3 3 7 5
2828 3 3 7 6
2829 3 3 7 7
2830 3 3 7 8
2831 3 3 7 9
2832 3 3 7 10
2833 3 3 7 11
2834 3 3 7 12
2835 3 3 7 13
2836 3 3 7 14
2837 3 3 7 15
2838 3 3 7 16
2839 3 3 7 17
2840 3 3 8 1
2841 3 3 8 2
2842 3 3 8 3
2843 3 3 8 4
2844 3 3 8 5
2845 3 3 8 6
2846 3 3 8 7
2847 3 3 8 8
2848 3 3 8 9
2849 3 3 8 10
2850 3 3 8 11
2851 3 3 8 12
2852 3 3 8 13
2853 3 3 8 14
2854 3 3 8 15
2855 3 3 8 16
2856 3 3 8 17
2857 3 3 9 1
2858 3 3 9 2
2859 3 3 9 3
2860 3 3 9 4
2861 3 3 9 5
2862 3 3 9 6
2863 3 3 9 7
2864 3 3 9 8
2865 3 3 9 9
2866 3 3 9 10
2867 3 3 9 11
2868 3 3 9 12
2869 3 3 9 13
2870 3 3 9 14
2871 3 3 9 15
2872 3 3 9 16
2873 3 3 9 17
2874 3 3 10 1
2875 3 3 10 2
2876 3 3 10 3
2877 3 3 10 4
2878 3 3 10 5
2879 3 3 10 6
2880 3 3 10 7
2881 3 3 10 8
2882 3 3 10 9
2883 3 3 10 10
2884 3 3 10 11
2885 3 3 10 12
2886 3 3 10 13
2887 3 3 10 14
2888 3 3 10 15
2889 3 3 10 16
2890 3 3 10 17
2891 3 3 11 1
2892 3 3 11 2
2893 3 3 11 3
2894 3 3 11 4
2895 3 3 11 5
2896 3 3 11 6
2897 3 3 11 7
2898 3 3 11 8
2899 3 3 11 9
2900 3 3 11 10
2901 3 3 11 11
2902 3 3 11 12
2903 3 3 11 13
2904 3 3 11 14
2905 3 3 11 15
2906 3 3 11 16
2907 3 3 11 17
2908 3 3 12 1
2909 3 3 12 2
2910 3 3 12 3
2911 3 3 12 4
2912 3 3 12 5
2913 3 3 12 6
2914 3 3 12 7
2915 3 3 12 8
2916 3 3 12 9
2917 3 3 12 10
2918 3 3 12 11
2919 3 3 12 12
2920 3 3 12 13
2921 3 3 12 14
2922 3 3 12 15
2923 3 3 12 16
2924 3 3 12 17
2925 3 3 13 1
2926 3 3 13 2
2927 3 3 13 3
2928 3 3 13 4
2929 3 3 13 5
2930 3 3 13 6
2931 3 3 13 7
2932 3 3 13 8
2933 3 3 13 9
2934 3 3 13 10
2935 3 3 13 11
2936 3 3 13 12
2937 3 3 13 13
2938 3 3 13 14
2939 3 3 13 15
2940 3 3 13 16
2941 3 3 13 17
2942 3 3 14 1
2943 3 3 14 2
2944 3 3 14 3
2945 3 3 14 4
2946 3 3 14 5
2947 3 3 14 6
2948 3 3 14 7
2949 3 3 14 8
2950 3 3 14 9
2951 3 3 14 10
2952 3 3 14 11
2953 3 3 14 12
2954 3 3 14 13
2955 3 3 14 14
2956 3 3 14 15
2957 3 3 14 16
2958 3 3 14 17
2959 3 3 15 1
2960 3 3 15 2
2961 3 3 15 3
2962 3 3 15 4
2963 3 3 15 5
2964 3 3 15 6
2965 3 3 15 7
2966 3 3 15 8
2967 3 3 15 9
2968 3 3 15 10
2969 3 3 15 11
2970 3 3 15 12
2971 3 3 15 13
2972 3 3 15 14
2973 3 3 15 15
2974 3 3 15 16
2975 3 3 15 17
2976 3 3 16 1
2977 3 3 16 2
2978 3 3 16 3
2979 3 3 16 4
2980 3 3 16 5
2981 3 3 16 6
2982 3 3 16 7
2983 3 3 16 8
2984 3 3 16 9
2985 3 3 16 10
2986 3 3 16 11
2987 3 3 16 12
2988 3 3 16 13
2989 3 3 16 14
2990 3 3 16 15
2991 3 3 16 16
2992 3 3 16 17
2993 3 4 1 1
2994 3 4 1 2
2995 3 4 1 3
2996 3 4 1 4
2997 3 4 1 5
2998 3 4 1 6
2999 3 4 1 7
3000 3 4 1 8
3001 3 4 1 9
3002 3 4 1 10
3003 3 4 1 11
3004 3 4 1 12
3005 3 4 1 13
3006 3 4 1 14
3007 3 4 1 15
3008 3 4 1 16
3009 3 4 1 17
3010 3 4 2 1
3011 3 4 2 2
3012 3 4 2 3
3013 3 4 2 4
3014 3 4 2 5
3015 3 4 2 6
3016 3 4 2 7
3017 3 4 2 8
3018 3 4 2 9
3019 3 4 2 10
3020 3 4 2 11
3021 3 4 2 12
3022 3 4 2 13
3023 3 4 2 14
3024 3 4 2 15
3025 3 4 2 16
3026 3 4 2 17
3027 3 4 3 1
3028 3 4 3 2
3029 3 4 3 3
3030 3 4 3 4
3031 3 4 3 5
3032 3 4 3 6
3033 3 4 3 7
3034 3 4 3 8
3035 3 4 3 9
3036 3 4 3 10
3037 3 4 3 11
3038 3 4 3 12
3039 3 4 3 13
3040 3 4 3 14
3041 3 4 3 15
3042 3 4 3 16
3043 3 4 3 17
3044 3 4 4 1
3045 3 4 4 2
3046 3 4 4 3
3047 3 4 4 4
3048 3 4 4 5
3049 3 4 4 6
3050 3 4 4 7
3051 3 4 4 8
3052 3 4 4 9
3053 3 4 4 10
3054 3 4 4 11
3055 3 4 4 12
3056 3 4 4 13
3057 3 4 4 14
3058 3 4 4 15
3059 3 4 4 16
3060 3 4 4 17
3061 3 4 5 1
3062 3 4 5 2
3063 3 4 5 3
3064 3 4 5 4
3065 3 4 5 5
3066 3 4 5 6
3067 3 4 5 7
3068 3 4 5 8
3069 3 4 5 9
3070 3 4 5 10
3071 3 4 5 11
3072 3 4 5 12
3073 3 4 5 13
3074 3 4 5 14
3075 3 4 5 15
3076 3 4 5 16
3077 3 4 5 17
3078 3 4 6 1
3079 3 4 6 2
3080 3 4 6 3
3081 3 4 6 4
3082 3 4 6 5
3083 3 4 6 6
3084 3 4 6 7
3085 3 4 6 8
3086 3 4 6 9
3087 3 4 6 10
3088 3 4 6 11
3089 3 4 6 12
3090 3 4 6 13
3091 3 4 6 14
3092 3 4 6 15
3093 3 4 6 16
3094 3 4 6 17
3095 3 4 7 1
3096 3 4 7 2
3097 3 4 7 3
3098 3 4 7 4
3099 3 4 7 5
3100 3 4 7 6
3101 3 4 7 7
3102 3 4 7 8
3103 3 4 7 9
3104 3 4 7 10
3105 3 4 7 11
3106 3 4 7 12
3107 3 4 7 13
3108 3 4 7 14
3109 3 4 7 15
3110 3 4 7 16
3111 3 4 7 17
3112 3 4 8 1
3113 3 4 8 2
3114 3 4 8 3
3115 3 4 8 4
3116 3 4 8 5
3117 3 4 8 6
3118 3 4 8 7
3119 3 4 8 8
3120 3 4 8 9
3121 3 4 8 10
3122 3 4 8 11
3123 3 4 8 12
3124 3 4 8 13
3125 3 4 8 14
3126 3 4 8 15
3127 3 4 8 16
3128 3 4 8 17
3129 3 4 9 1
3130 3 4 9 2
3131 3 4 9 3
3132 3 4 9 4
3133 3 4 9 5
3134 3 4 9 6
3135 3 4 9 7
3136 3 4 9 8
3137 3 4 9 9
3138 3 4 9 10
3139 3 4 9 11
3140 3 4 9 12
3141 3 4 9 13
3142 3 4 9 14
3143 3 4 9 15
3144 3 4 9 16
3145 3 4 9 17
3146 3 4 10 1
3147 3 4 10 2
3148 3 4 10 3
3149 3 4 10 4
3150 3 4 10 5
3151 3 4 10 6
3152 3 4 10 7
3153 3 4 10 8
3154 3 4 10 9
3155 3 4 10 10
3156 3 4 10 11
3157 3 4 10 12
3158 3 4 10 13
3159 3 4 10 14
3160 3 4 10 15
3161 3 4 10 16
3162 3 4 10 17
3163 3 4 11 1
3164 3 4 11 2
3165 3 4 11 3
3166 3 4 11 4
3167 3 4 11 5
3168 3 4 11 6
3169 3 4 11 7
3170 3 4 11 8
3171 3 4 11 9
3172 3 4 11 10
3173 3 4 11 11
3174 3 4 11 12
3175 3 4 11 13
3176 3 4 11 14
3177 3 4 11 15
3178 3 4 11 16
3179 3 4 11 17
3180 3 4 12 1
3181 3 4 12 2
3182 3 4 12 3
3183 3 4 12 4
3184 3 4 12 5
3185 3 4 12 6
3186 3 4 12 7
3187 3 4 12 8
3188 3 4 12 9
3189 3 4 12 10
3190 3 4 12 11
3191 3 4 12 12
3192 3 4 12 13
3193 3 4 12 14
3194 3 4 12 15
3195 3 4 12 16
3196 3 4 12 17
3197 3 4 13 1
3198 3 4 13 2
3199 3 4 13 3
3200 3 4 13 4
3201 3 4 13 5
3202 3 4 13 6
3203 3 4 13 7
3204 3 4 13 8
3205 3 4 13 9
3206 3 4 13 10
3207 3 4 13 11
3208 3 4 13 12
3209 3 4 13 13
3210 3 4 13 14
3211 3 4 13 15
3212 3 4 13 16
3213 3 4 13 17
3214 3 4 14 1
3215 3 4 14 2
3216 3 4 14 3
3217 3 4 14 4
3218 3 4 14 5
3219 3 4 14 6
3220 3 4 14 7
3221 3 4 14 8
3222 3 4 14 9
3223 3 4 14 10
3224 3 4 14 11
3225 3 4 14 12
3226 3 4 14 13
3227 3 4 14 14
3228 3 4 14 15
3229 3 4 14 16
3230 3 4 14 17
3231 3 4 15 1
3232 3 4 15 2
3233 3 4 15 3
3234 3 4 15 4
3235 3 4 15 5
3236 3 4 15 6
3237 3 4 15 7
3238 3 4 15 8
3239 3 4 15 9
3240 3 4 15 10
3241 3 4 15 11
3242 3 4 15 12
3243 3 4 15 13
3244 3 4 15 14
3245 3 4 15 15
3246 3 4 15 16
3247 3 4 15 17
3248 3 4 16 1
3249 3 4 16 2
3250 3 4 16 3
3251 3 4 16 4
3252 3 4 16 5
3253 3 4 16 6
3254 3 4 16 7
3255 3 4 16 8
3256 3 4 16 9
3257 3 4 16 10
3258 3 4 16 11
3259 3 4 16 12
3260 3 4 16 13
3261 3 4 16 14
3262 3 4 16 15
3263 3 4 16 16
3264 3 4 16 17
3265 4 1 1 1
3266 4 1 1 2
3267 4 1 1 3
3268 4 1 1 4
3269 4 1 1 5
3270 4 1 1 6
3271 4 1 1 7
3272 4 1 1 8
3273 4 1 1 9
3274 4 1 1 10
3275 4 1 1 11
3276 4 1 1 12
3277 4 1 1 13
3278 4 1 1 14
3279 4 1 1 15
3280 4 1 1 16
3281 4 1 1 17
3282 4 1 2 1
3283 4 1 2 2
3284 4 1 2 3
3285 4 1 2 4
3286 4 1 2 5
3287 4 1 2 6
3288 4 1 2 7
3289 4 1 2 8
3290 4 1 2 9
3291 4 1 2 10
3292 4 1 2 11
3293 4 1 2 12
3294 4 1 2 13
3295 4 1 2 14
3296 4 1 2 15
3297 4 1 2 16
3298 4 1 2 17
3299 4 1 3 1
3300 4 1 3 2
3301 4 1 3 3
3302 4 1 3 4
3303 4 1 3 5
3304 4 1 3 6
3305 4 1 3 7
3306 4 1 3 8
3307 4 1 3 9
3308 4 1 3 10
3309 4 1 3 11
3310 4 1 3 12
3311 4 1 3 13
3312 4 1 3 14
3313 4 1 3 15
3314 4 1 3 16
3315 4 1 3 17
3316 4 1 4 1
3317 4 1 4 2
3318 4 1 4 3
3319 4 1 4 4
3320 4 1 4 5
3321 4 1 4 6
3322 4 1 4 7
3323 4 1 4 8
3324 4 1 4 9
3325 4 1 4 10
3326 4 1 4 11
3327 4 1 4 12
3328 4 1 4 13
3329 4 1 4 14
3330 4 1 4 15
3331 4 1 4 16
3332 4 1 4 17
3333 4 1 5 1
3334 4 1 5 2
3335 4 1 5 3
3336 4 1 5 4
3337 4 1 5 5
3338 4 1 5 6
3339 4 1 5 7
3340 4 1 5 8
3341 4 1 5 9
3342 4 1 5 10
3343 4 1 5 11
3344 4 1 5 12
3345 4 1 5 13
3346 4 1 5 14
3347 4 1 5 15
3348 4 1 5 16
3349 4 1 5 17
3350 4 1 6 1
3351 4 1 6 2
3352 4 1 6 3
3353 4 1 6 4
3354 4 1 6 5
3355 4 1 6 6
3356 4 1 6 7
3357 4 1 6 8
3358 4 1 6 9
3359 4 1 6 10
3360 4 1 6 11
3361 4 1 6 12
3362 4 1 6 13
3363 4 1 6 14
3364 4 1 6 15
3365 4 1 6 16
3366 4 1 6 17
3367 4 1 7 1
3368 4 1 7 2
3369 4 1 7 3
3370 4 1 7 4
3371 4 1 7 5
3372 4 1 7 6
3373 4 1 7 7
3374 4 1 7 8
3375 4 1 7 9
3376 4 1 7 10
3377 4 1 7 11
3378 4 1 7 12
3379 4 1 7 13
3380 4 1 7 14
3381 4 1 7 15
3382 4 1 7 16
3383 4 1 7 17
3384 4 1 8 1
3385 4 1 8 2
3386 4 1 8 3
3387 4 1 8 4
3388 4 1 8 5
3389 4 1 8 6
3390 4 1 8 7
3391 4 1 8 8
3392 4 1 8 9
3393 4 1 8 10
3394 4 1 8 11
3395 4 1 8 12
3396 4 1 8 13
3397 4 1 8 14
3398 4 1 8 15
3399 4 1 8 16
3400 4 1 8 17
3401 4 1 9 1
3402 4 1 9 2
3403 4 1 9 3
3404 4 1 9 4
3405 4 1 9 5
3406 4 1 9 6
3407 4 1 9 7
3408 4 1 9 8
3409 4 1 9 9
3410 4 1 9 10
3411 4 1 9 11
3412 4 1 9 12
3413 4 1 9 13
3414 4 1 9 14
3415 4 1 9 15
3416 4 1 9 16
3417 4 1 9 17
3418 4 1 10 1
3419 4 1 10 2
3420 4 1 10 3
3421 4 1 10 4
3422 4 1 10 5
3423 4 1 10 6
3424 4 1 10 7
3425 4 1 10 8
3426 4 1 10 9
3427 4 1 10 10
3428 4 1 10 11
3429 4 1 10 12
3430 4 1 10 13
3431 4 1 10 14
3432 4 1 10 15
3433 4 1 10 16
3434 4 1 10 17
3435 4 1 11 1
3436 4 1 11 2
3437 4 1 11 3
3438 4 1 11 4
3439 4 1 11 5
3440 4 1 11 6
3441 4 1 11 7
3442 4 1 11 8
3443 4 1 11 9
3444 4 1 11 10
3445 4 1 11 11
3446 4 1 11 12
3447 4 1 11 13
3448 4 1 11 14
3449 4 1 11 15
3450 4 1 11 16
3451 4 1 11 17
3452 4 1 12 1
3453 4 1 12 2
3454 4 1 12 3
3455 4 1 12 4
3456 4 1 12 5
3457 4 1 12 6
3458 4 1 12 7
3459 4 1 12 8
3460 4 1 12 9
3461 4 1 12 10
3462 4 1 12 11
3463 4 1 12 12
3464 4 1 12 13
3465 4 1 12 14
3466 4 1 12 15
3467 4 1 12 16
3468 4 1 12 17
3469 4 1 13 1
3470 4 1 13 2
3471 4 1 13 3
3472 4 1 13 4
3473 4 1 13 5
3474 4 1 13 6
3475 4 1 13 7
3476 4 1 13 8
3477 4 1 13 9
3478 4 1 13 10
3479 4 1 13 11
3480 4 1 13 12
3481 4 1 13 13
3482 4 1 13 14
3483 4 1 13 15
3484 4 1 13 16
3485 4 1 13 17
3486 4 1 14 1
3487 4 1 14 2
3488 4 1 14 3
3489 4 1 14 4
3490 4 1 14 5
3491 4 1 14 6
3492 4 1 14 7
3493 4 1 14 8
3494 4 1 14 9
3495 4 1 14 10
3496 4 1 14 11
3497 4 1 14 12
3498 4 1 14 13
3499 4 1 14 14
3500 4 1 14 15
3501 4 1 14 16
3502 4 1 14 17
3503 4 1 15 1
3504 4 1 15 2
3505 4 1 15 3
3506 4 1 15 4
3507 4 1 15 5
3508 4 1 15 6
3509 4 1 15 7
3510 4 1 15 8
3511 4 1 15 9
3512 4 1 15 10
3513 4 1 15 11
3514 4 1 15 12
3515 4 1 15 13
3516 4 1 15 14
3517 4 1 15 15
3518 4 1 15 16
3519 4 1 15 17
3520 4 1 16 1
3521 4 1 16 2
3522 4 1 16 3
3523 4 1 16 4
3524 4 1 16 5
3525 4 1 16 6
3526 4 1 16 7
3527 4 1 16 8
3528 4 1 16 9
3529 4 1 16 10
3530 4 1 16 11
3531 4 1 16 12
3532 4 1 16 13
3533 4 1 16 14
3534 4 1 16 15
3535 4 1 16 16
3536 4 1 16 17
3537 4 2 1 1
3538 4 2 1 2
3539 4 2 1 3
3540 4 2 1 4
3541 4 2 1 5
3542 4 2 1 6
3543 4 2 1 7
3544 4 2 1 8
3545 4 2 1 9
3546 4 2 1 10
3547 4 2 1 11
3548 4 2 1 12
3549 4 2 1 13
3550 4 2 1 14
3551 4 2 1 15
3552 4 2 1 16
3553 4 2 1 17
3554 4 2 2 1
3555 4 2 2 2
3556 4 2 2 3
3557 4 2 2 4
3558 4 2 2 5
3559 4 2 2 6
3560 4 2 2 7
3561 4 2 2 8
3562 4 2 2 9
3563 4 2 2 10
3564 4 2 2 11
3565 4 2 2 12
3566 4 2 2 13
3567 4 2 2 14
3568 4 2 2 15
3569 4 2 2 16
3570 4 2 2 17
3571 4 2 3 1
3572 4 2 3 2
3573 4 2 3 3
3574 4 2 3 4
3575 4 2 3 5
3576 4 2 3 6
3577 4 2 3 7
3578 4 2 3 8
3579 4 2 3 9
3580 4 2 3 10
3581 4 2 3 11
3582 4 2 3 12
3583 4 2 3 13
3584 4 2 3 14
3585 4 2 3 15
3586 4 2 3 16
3587 4 2 3 17
3588 4 2 4 1
3589 4 2 4 2
3590 4 2 4 3
3591 4 2 4 4
3592 4 2 4 5
3593 4 2 4 6
3594 4 2 4 7
3595 4 2 4 8
3596 4 2 4 9
3597 4 2 4 10
3598 4 2 4 11
3599 4 2 4 12
3600 4 2 4 13
3601 4 2 4 14
3602 4 2 4 15
3603 4 2 4 16
3604 4 2 4 17
3605 4 2 5 1
3606 4 2 5 2
3607 4 2 5 3
3608 4 2 5 4
3609 4 2 5 5
3610 4 2 5 6
3611 4 2 5 7
3612 4 2 5 8
3613 4 2 5 9
3614 4 2 5 10
3615 4 2 5 11
3616 4 2 5 12
3617 4 2 5 13
3618 4 2 5 14
3619 4 2 5 15
3620 4 2 5 16
3621 4 2 5 17
3622 4 2 6 1
3623 4 2 6 2
3624 4 2 6 3
3625 4 2 6 4
3626 4 2 6 5
3627 4 2 6 6
3628 4 2 6 7
3629 4 2 6 8
3630 4 2 6 9
3631 4 2 6 10
3632 4 2 6 11
3633 4 2 6 12
3634 4 2 6 13
3635 4 2 6 14
3636 4 2 6 15
3637 4 2 6 16
3638 4 2 6 17
3639 4 2 7 1
3640 4 2 7 2
3641 4 2 7 3
3642 4 2 7 4
3643 4 2 7 5
3644 4 2 7 6
3645 4 2 7 7
3646 4 2 7 8
3647 4 2 7 9
3648 4 2 7 10
3649 4 2 7 11
3650 4 2 7 12
3651 4 2 7 13
3652 4 2 7 14
3653 4 2 7 15
3654 4 2 7 16
3655 4 2 7 17
3656 4 2 8 1
3657 4 2 8 2
3658 4 2 8 3
3659 4 2 8 4
3660 4 2 8 5
3661 4 2 8 6
3662 4 2 8 7
3663 4 2 8 8
3664 4 2 8 9
3665 4 2 8 10
3666 4 2 8 11
3667 4 2 8 12
3668 4 2 8 13
3669 4 2 8 14
3670 4 2 8 15
3671 4 2 8 16
3672 4 2 8 17
3673 4 2 9 1
3674 4 2 9 2
3675 4 2 9 3
3676 4 2 9 4
3677 4 2 9 5
3678 4 2 9 6
3679 4 2 9 7
3680 4 2 9 8
3681 4 2 9 9
3682 4 2 9 10
3683 4 2 9 11
3684 4 2 9 12
3685 4 2 9 13
3686 4 2 9 14
3687 4 2 9 15
3688 4 2 9 16
3689 4 2 9 17
3690 4 2 10 1
3691 4 2 10 2
3692 4 2 10 3
3693 4 2 10 4
3694 4 2 10 5
3695 4 2 10 6
3696 4 2 10 7
3697 4 2 10 8
3698 4 2 10 9
3699 4 2 10 10
3700 4 2 10 11
3701 4 2 10 12
3702 4 2 10 13
3703 4 2 10 14
3704 4 2 10 15
3705 4 2 10 16
3706 4 2 10 17
3707 4 2 11 1
3708 4 2 11 2
3709 4 2 11 3
3710 4 2 11 4
3711 4 2 11 5
3712 4 2 11 6
3713 4 2 11 7
3714 4 2 11 8
3715 4 2 11 9
3716 4 2 11 10
3717 4 2 11 11
3718 4 2 11 12
3719 4 2 11 13
3720 4 2 11 14
3721 4 2 11 15
3722 4 2 11 16
3723 4 2 11 17
3724 4 2 12 1
3725 4 2 12 2
3726 4 2 12 3
3727 4 2 12 4
3728 4 2 12 5
3729 4 2 12 6
3730 4 2 12 7
3731 4 2 12 8
3732 4 2 12 9
3733 4 2 12 10
3734 4 2 12 11
3735 4 2 12 12
3736 4 2 12 13
3737 4 2 12 14
3738 4 2 12 15
3739 4 2 12 16
3740 4 2 12 17
3741 4 2 13 1
3742 4 2 13 2
3743 4 2 13 3
3744 4 2 13 4
3745 4 2 13 5
3746 4 2 13 6
3747 4 2 13 7
3748 4 2 13 8
3749 4 2 13 9
3750 4 2 13 10
3751 4 2 13 11
3752 4 2 13 12
3753 4 2 13 13
3754 4 2 13 14
3755 4 2 13 15
3756 4 2 13 16
3757 4 2 13 17
3758 4 2 14 1
3759 4 2 14 2
3760 4 2 14 3
3761 4 2 14 4
3762 4 2 14 5
3763 4 2 14 6
3764 4 2 14 7
3765 4 2 14 8
3766 4 2 14 9
3767 4 2 14 10
3768 4 2 14 11
3769 4 2 14 12
3770 4 2 14 13
3771 4 2 14 14
3772 4 2 14 15
3773 4 2 14 16
3774 4 2 14 17
3775 4 2 15 1
3776 4 2 15 2
3777 4 2 15 3
3778 4 2 15 4
3779 4 2 15 5
3780 4 2 15 6
3781 4 2 15 7
3782 4 2 15 8
3783 4 2 15 9
3784 4 2 15 10
3785 4 2 15 11
3786 4 2 15 12
3787 4 2 15 13
3788 4 2 15 14
3789 4 2 15 15
3790 4 2 15 16
3791 4 2 15 17
3792 4 2 16 1
3793 4 2 16 2
3794 4 2 16 3
3795 4 2 16 4
3796 4 2 16 5
3797 4 2 16 6
3798 4 2 16 7
3799 4 2 16 8
3800 4 2 16 9
3801 4 2 16 10
3802 4 2 16 11
3803 4 2 16 12
3804 4 2 16 13
3805 4 2 16 14
3806 4 2 16 15
3807 4 2 16 16
3808 4 2 16 17
3809 4 3 1 1
3810 4 3 1 2
3811 4 3 1 3
3812 4 3 1 4
3813 4 3 1 5
3814 4 3 1 6
3815 4 3 1 7
3816 4 3 1 8
3817 4 3 1 9
3818 4 3 1 10
3819 4 3 1 11
3820 4 3 1 12
3821 4 3 1 13
3822 4 3 1 14
3823 4 3 1 15
3824 4 3 1 16
3825 4 3 1 17
3826 4 3 2 1
3827 4 3 2 2
3828 4 3 2 3
3829 4 3 2 4
3830 4 3 2 5
3831 4 3 2 6
3832 4 3 2 7
3833 4 3 2 8
3834 4 3 2 9
3835 4 3 2 10
3836 4 3 2 11
3837 4 3 2 12
3838 4 3 2 13
3839 4 3 2 14
3840 4 3 2 15
3841 4 3 2 16
3842 4 3 2 17
3843 4 3 3 1
3844 4 3 3 2
3845 4 3 3 3
3846 4 3 3 4
3847 4 3 3 5
3848 4 3 3 6
3849 4 3 3 7
3850 4 3 3 8
3851 4 3 3 9
3852 4 3 3 10
3853 4 3 3 11
3854 4 3 3 12
3855 4 3 3 13
3856 4 3 3 14
3857 4 3 3 15
3858 4 3 3 16
3859 4 3 3 17
3860 4 3 4 1
3861 4 3 4 2
3862 4 3 4 3
3863 4 3 4 4
3864 4 3 4 5
3865 4 3 4 6
3866 4 3 4 7
3867 4 3 4 8
3868 4 3 4 9
3869 4 3 4 10
3870 4 3 4 11
3871 4 3 4 12
3872 4 3 4 13
3873 4 3 4 14
3874 4 3 4 15
3875 4 3 4 16
3876 4 3 4 17
3877 4 3 5 1
3878 4 3 5 2
3879 4 3 5 3
3880 4 3 5 4
3881 4 3 5 5
3882 4 3 5 6
3883 4 3 5 7
3884 4 3 5 8
3885 4 3 5 9
3886 4 3 5 10
3887 4 3 5 11
3888 4 3 5 12
3889 4 3 5 13
3890 4 3 5 14
3891 4 3 5 15
3892 4 3 5 16
3893 4 3 5 17
3894 4 3 6 1
3895 4 3 6 2
3896 4 3 6 3
3897 4 3 6 4
3898 4 3 6 5
3899 4 3 6 6
3900 4 3 6 7
3901 4 3 6 8
3902 4 3 6 9
3903 4 3 6 10
3904 4 3 6 11
3905 4 3 6 12
3906 4 3 6 13
3907 4 3 6 14
3908 4 3 6 15
3909 4 3 6 16
3910 4 3 6 17
3911 4 3 7 1
3912 4 3 7 2
3913 4 3 7 3
3914 4 3 7 4
3915 4 3 7 5
3916 4 3 7 6
3917 4 3 7 7
3918 4 3 7 8
3919 4 3 7 9
3920 4 3 7 10
3921 4 3 7 11
3922 4 3 7 12
3923 4 3 7 13
3924 4 3 7 14
3925 4 3 7 15
3926 4 3 7 16
3927 4 3 7 17
3928 4 3 8 1
3929 4 3 8 2
3930 4 3 8 3
3931 4 3 8 4
3932 4 3 8 5
3933 4 3 8 6
3934 4 3 8 7
3935 4 3 8 8
3936 4 3 8 9
3937 4 3 8 10
3938 4 3 8 11
3939 4 3 8 12
3940 4 3 8 13
3941 4 3 8 14
3942 4 3 8 15
3943 4 3 8 16
3944 4 3 8 17
3945 4 3 9 1
3946 4 3 9 2
3947 4 3 9 3
3948 4 3 9 4
3949 4 3 9 5
3950 4 3 9 6
3951 4 3 9 7
3952 4 3 9 8
3953 4 3 9 9
3954 4 3 9 10
3955 4 3 9 11
3956 4 3 9 12
3957 4 3 9 13
3958 4 3 9 14
3959 4 3 9 15
3960 4 3 9 16
3961 4 3 9 17
3962 4 3 10 1
3963 4 3 10 2
3964 4 3 10 3
3965 4 3 10 4
3966 4 3 10 5
3967 4 3 10 6
3968 4 3 10 7
3969 4 3 10 8
3970 4 3 10 9
3971 4 3 10 10
3972 4 3 10 11
3973 4 3 10 12
3974 4 3 10 13
3975 4 3 10 14
3976 4 3 10 15
3977 4 3 10 16
3978 4 3 10 17
3979 4 3 11 1
3980 4 3 11 2
3981 4 3 11 3
3982 4 3 11 4
3983 4 3 11 5
3984 4 3 11 6
3985 4 3 11 7
3986 4 3 11 8
3987 4 3 11 9
3988 4 3 11 10
3989 4 3 11 11
3990 4 3 11 12
3991 4 3 11 13
3992 4 3 11 14
3993 4 3 11 15
3994 4 3 11 16
3995 4 3 11 17
3996 4 3 12 1
3997 4 3 12 2
3998 4 3 12 3
3999 4 3 12 4
4000 4 3 12 5
4001 4 3 12 6
4002 4 3 12 7
4003 4 3 12 8
4004 4 3 12 9
4005 4 3 12 10
4006 4 3 12 11
4007 4 3 12 12
4008 4 3 12 13
4009 4 3 12 14
4010 4 3 12 15
4011 4 3 12 16
4012 4 3 12 17
4013 4 3 13 1
4014 4 3 13 2
4015 4 3 13 3
4016 4 3 13 4
4017 4 3 13 5
4018 4 3 13 6
4019 4 3 13 7
4020 4 3 13 8
4021 4 3 13 9
4022 4 3 13 10
4023 4 3 13 11
4024 4 3 13 12
4025 4 3 13 13
4026 4 3 13 14
4027 4 3 13 15
4028 4 3 13 16
4029 4 3 13 17
4030 4 3 14 1
4031 4 3 14 2
4032 4 3 14 3
4033 4 3 14 4
4034 4 3 14 5
4035 4 3 14 6
4036 4 3 14 7
4037 4 3 14 8
4038 4 3 14 9
4039 4 3 14 10
4040 4 3 14 11
4041 4 3 14 12
4042 4 3 14 13
4043 4 3 14 14
4044 4 3 14 15
4045 4 3 14 16
4046 4 3 14 17
4047 4 3 15 1
4048 4 3 15 2
4049 4 3 15 3
4050 4 3 15 4
4051 4 3 15 5
4052 4 3 15 6
4053 4 3 15 7
4054 4 3 15 8
4055 4 3 15 9
4056 4 3 15 10
4057 4 3 15 11
4058 4 3 15 12
4059 4 3 15 13
4060 4 3 15 14
4061 4 3 15 15
4062 4 3 15 16
4063 4 3 15 17
4064 4 3 16 1
4065 4 3 16 2
4066 4 3 16 3
4067 4 3 16 4
4068 4 3 16 5
4069 4 3 16 6
4070 4 3 16 7
4071 4 3 16 8
4072 4 3 16 9
4073 4 3 16 10
4074 4 3 16 11
4075 4 3 16 12
4076 4 3 16 13
4077 4 3 16 14
4078 4 3 16 15
4079 4 3 16 16
4080 4 3 16 17
4081 4 4 1 1
4082 4 4 1 2
4083 4 4 1 3
4084 4 4 1 4
4085 4 4 1 5
4086 4 4 1 6
4087 4 4 1 7
4088 4 4 1 8
4089 4 4 1 9
4090 4 4 1 10
4091 4 4 1 11
4092 4 4 1 12
4093 4 4 1 13
4094 4 4 1 14
4095 4 4 1 15
4096 4 4 1 16
4097 4 4 1 17
4098 4 4 2 1
4099 4 4 2 2
4100 4 4 2 3
4101 4 4 2 4
4102 4 4 2 5
4103 4 4 2 6
4104 4 4 2 7
4105 4 4 2 8
4106 4 4 2 9
4107 4 4 2 10
4108 4 4 2 11
4109 4 4 2 12
4110 4 4 2 13
4111 4 4 2 14
4112 4 4 2 15
4113 4 4 2 16
4114 4 4 2 17
4115 4 4 3 1
4116 4 4 3 2
4117 4 4 3 3
4118 4 4 3 4
4119 4 4 3 5
4120 4 4 3 6
4121 4 4 3 7
4122 4 4 3 8
4123 4 4 3 9
4124 4 4 3 10
4125 4 4 3 11
4126 4 4 3 12
4127 4 4 3 13
4128 4 4 3 14
4129 4 4 3 15
4130 4 4 3 16
4131 4 4 3 17
4132 4 4 4 1
4133 4 4 4 2
4134 4 4 4 3
4135 4 4 4 4
4136 4 4 4 5
4137 4 4 4 6
4138 4 4 4 7
4139 4 4 4 8
4140 4 4 4 9
4141 4 4 4 10
4142 4 4 4 11
4143 4 4 4 12
4144 4 4 4 13
4145 4 4 4 14
4146 4 4 4 15
4147 4 4 4 16
4148 4 4 4 17
4149 4 4 5 1
4150 4 4 5 2
4151 4 4 5 3
4152 4 4 5 4
4153 4 4 5 5
4154 4 4 5 6
4155 4 4 5 7
4156 4 4 5 8
4157 4 4 5 9
4158 4 4 5 10
4159 4 4 5 11
4160 4 4 5 12
4161 4 4 5 13
4162 4 4 5 14
4163 4 4 5 15
4164 4 4 5 16
4165 4 4 5 17
4166 4 4 6 1
4167 4 4 6 2
4168 4 4 6 3
4169 4 4 6 4
4170 4 4 6 5
4171 4 4 6 6
4172 4 4 6 7
4173 4 4 6 8
4174 4 4 6 9
4175 4 4 6 10
4176 4 4 6 11
4177 4 4 6 12
4178 4 4 6 13
4179 4 4 6 14
4180 4 4 6 15
4181 4 4 6 16
4182 4 4 6 17
4183 4 4 7 1
4184 4 4 7 2
4185 4 4 7 3
4186 4 4 7 4
4187 4 4 7 5
4188 4 4 7 6
4189 4 4 7 7
4190 4 4 7 8
4191 4 4 7 9
4192 4 4 7 10
4193 4 4 7 11
4194 4 4 7 12
4195 4 4 7 13
4196 4 4 7 14
4197 4 4 7 15
4198 4 4 7 16
4199 4 4 7 17
4200 4 4 8 1
4201 4 4 8 2
4202 4 4 8 3
4203 4 4 8 4
4204 4 4 8 5
4205 4 4 8 6
4206 4 4 8 7
4207 4 4 8 8
4208 4 4 8 9
4209 4 4 8 10
4210 4 4 8 11
4211 4 4 8 12
4212 4 4 8 13
4213 4 4 8 14
4214 4 4 8 15
4215 4 4 8 16
4216 4 4 8 17
4217 4 4 9 1
4218 4 4 9 2
4219 4 4 9 3
4220 4 4 9 4
4221 4 4 9 5
4222 4 4 9 6
4223 4 4 9 7
4224 4 4 9 8
4225 4 4 9 9
4226 4 4 9 10
4227 4 4 9 11
4228 4 4 9 12
4229 4 4 9 13
4230 4 4 9 14
4231 4 4 9 15
4232 4 4 9 16
4233 4 4 9 17
4234 4 4 10 1
4235 4 4 10 2
4236 4 4 10 3
4237 4 4 10 4
4238 4 4 10 5
4239 4 4 10 6
4240 4 4 10 7
4241 4 4 10 8
4242 4 4 10 9
4243 4 4 10 10
4244 4 4 10 11
4245 4 4 10 12
4246 4 4 10 13
4247 4 4 10 14
4248 4 4 10 15
4249 4 4 10 16
4250 4 4 10 17
4251 4 4 11 1
4252 4 4 11 2
4253 4 4 11 3
4254 4 4 11 4
4255 4 4 11 5
4256 4 4 11 6
4257 4 4 11 7
4258 4 4 11 8
4259 4 4 11 9
4260 4 4 11 10
4261 4 4 11 11
4262 4 4 11 12
4263 4 4 11 13
4264 4 4 11 14
4265 4 4 11 15
4266 4 4 11 16
4267 4 4 11 17
4268 4 4 12 1
4269 4 4 12 2
4270 4 4 12 3
4271 4 4 12 4
4272 4 4 12 5
4273 4 4 12 6
4274 4 4 12 7
4275 4 4 12 8
4276 4 4 12 9
4277 4 4 12 10
4278 4 4 12 11
4279 4 4 12 12
4280 4 4 12 13
4281 4 4 12 14
4282 4 4 12 15
4283 4 4 12 16
4284 4 4 12 17
4285 4 4 13 1
4286 4 4 13 2
4287 4 4 13 3
4288 4 4 13 4
4289 4 4 13 5
4290 4 4 13 6
4291 4 4 13 7
4292 4 4 13 8
4293 4 4 13 9
4294 4 4 13 10
4295 4 4 13 11
4296 4 4 13 12
4297 4 4 13 13
4298 4 4 13 14
4299 4 4 13 15
4300 4 4 13 16
4301 4 4 13 17
4302 4 4 14 1
4303 4 4 14 2
4304 4 4 14 3
4305 4 4 14 4
4306 4 4 14 5
4307 4 4 14 6
4308 4 4 14 7
4309 4 4 14 8
4310 4 4 14 9
4311 4 4 14 10
4312 4 4 14 11
4313 4 4 14 12
4314 4 4 14 13
4315 4 4 14 14
4316 4 4 14 15
4317 4 4 14 16
4318 4 4 14 17
4319 4 4 15 1
4320 4 4 15 2
4321 4 4 15 3
4322 4 4 15 4
4323 4 4 15 5
4324 4 4 15 6
4325 4 4 15 7
4326 4 4 15 8
4327 4 4 15 9
4328 4 4 15 10
4329 4 4 15 11
4330 4 4 15 12
4331 4 4 15 13
4332 4 4 15 14
4333 4 4 15 15
4334 4 4 15 16
4335 4 4 15 17
4336 4 4 16 1
4337 4 4 16 2
4338 4 4 16 3
4339 4 4 16 4
4340 4 4 16 5
4341 4 4 16 6
4342 4 4 16 7
4343 4 4 16 8
4344 4 4 16 9
4345 4 4 16 10
4346 4 4 16 11
4347 4 4 16 12
4348 4 4 16 13
4349 4 4 16 14
4350 4 4 16 15
4351 4 4 16 16
4352 4 4 16 17
4353 5 1 1 1
4354 5 1 1 2
4355 5 1 1 3
4356 5 1 1 4
4357 5 1 1 5
4358 5 1 1 6
4359 5 1 1 7
4360 5 1 1 8
4361 5 1 1 9
4362 5 1 1 10
4363 5 1 1 11
4364 5 1 1 12
4365 5 1 1 13
4366 5 1 1 14
4367 5 1 1 15
4368 5 1 1 16
4369 5 1 1 17
4370 5 1 2 1
4371 5 1 2 2
4372 5 1 2 3
4373 5 1 2 4
4374 5 1 2 5
4375 5 1 2 6
4376 5 1 2 7
4377 5 1 2 8
4378 5 1 2 9
4379 5 1 2 10
4380 5 1 2 11
4381 5 1 2 12
4382 5 1 2 13
4383 5 1 2 14
4384 5 1 2 15
4385 5 1 2 16
4386 5 1 2 17
4387 5 1 3 1
4388 5 1 3 2
4389 5 1 3 3
4390 5 1 3 4
4391 5 1 3 5
4392 5 1 3 6
4393 5 1 3 7
4394 5 1 3 8
4395 5 1 3 9
4396 5 1 3 10
4397 5 1 3 11
4398 5 1 3 12
4399 5 1 3 13
4400 5 1 3 14
4401 5 1 3 15
4402 5 1 3 16
4403 5 1 3 17
4404 5 1 4 1
4405 5 1 4 2
4406 5 1 4 3
4407 5 1 4 4
4408 5 1 4 5
4409 5 1 4 6
4410 5 1 4 7
4411 5 1 4 8
4412 5 1 4 9
4413 5 1 4 10
4414 5 1 4 11
4415 5 1 4 12
4416 5 1 4 13
4417 5 1 4 14
4418 5 1 4 15
4419 5 1 4 16
4420 5 1 4 17
4421 5 1 5 1
4422 5 1 5 2
4423 5 1 5 3
4424 5 1 5 4
4425 5 1 5 5
4426 5 1 5 6
4427 5 1 5 7
4428 5 1 5 8
4429 5 1 5 9
4430 5 1 5 10
4431 5 1 5 11
4432 5 1 5 12
4433 5 1 5 13
4434 5 1 5 14
4435 5 1 5 15
4436 5 1 5 16
4437 5 1 5 17
4438 5 1 6 1
4439 5 1 6 2
4440 5 1 6 3
4441 5 1 6 4
4442 5 1 6 5
4443 5 1 6 6
4444 5 1 6 7
4445 5 1 6 8
4446 5 1 6 9
4447 5 1 6 10
4448 5 1 6 11
4449 5 1 6 12
4450 5 1 6 13
4451 5 1 6 14
4452 5 1 6 15
4453 5 1 6 16
4454 5 1 6 17
4455 5 1 7 1
4456 5 1 7 2
4457 5 1 7 3
4458 5 1 7 4
4459 5 1 7 5
4460 5 1 7 6
4461 5 1 7 7
4462 5 1 7 8
4463 5 1 7 9
4464 5 1 7 10
4465 5 1 7 11
4466 5 1 7 12
4467 5 1 7 13
4468 5 1 7 14
4469 5 1 7 15
4470 5 1 7 16
4471 5 1 7 17
4472 5 1 8 1
4473 5 1 8 2
4474 5 1 8 3
4475 5 1 8 4
4476 5 1 8 5
4477 5 1 8 6
4478 5 1 8 7
4479 5 1 8 8
4480 5 1 8 9
4481 5 1 8 10
4482 5 1 8 11
4483 5 1 8 12
4484 5 1 8 13
4485 5 1 8 14
4486 5 1 8 15
4487 5 1 8 16
4488 5 1 8 17
4489 5 1 9 1
4490 5 1 9 2
4491 5 1 9 3
4492 5 1 9 4
4493 5 1 9 5
4494 5 1 9 6
4495 5 1 9 7
4496 5 1 9 8
4497 5 1 9 9
4498 5 1 9 10
4499 5 1 9 11
4500 5 1 9 12
4501 5 1 9 13
4502 5 1 9 14
4503 5 1 9 15
4504 5 1 9 16
4505 5 1 9 17
4506 5 1 10 1
4507 5 1 10 2
4508 5 1 10 3
4509 5 1 10 4
4510 5 1 10 5
4511 5 1 10 6
4512 5 1 10 7
4513 5 1 10 8
4514 5 1 10 9
4515 5 1 10 10
4516 5 1 10 11
4517 5 1 10 12
4518 5 1 10 13
4519 5 1 10 14
4520 5 1 10 15
4521 5 1 10 16
4522 5 1 10 17
4523 5 1 11 1
4524 5 1 11 2
4525 5 1 11 3
4526 5 1 11 4
4527 5 1 11 5
4528 5 1 11 6
4529 5 1 11 7
4530 5 1 11 8
4531 5 1 11 9
4532 5 1 11 10
4533 5 1 11 11
4534 5 1 11 12
4535 5 1 11 13
4536 5 1 11 14
4537 5 1 11 15
4538 5 1 11 16
4539 5 1 11 17
4540 5 1 12 1
4541 5 1 12 2
4542 5 1 12 3
4543 5 1 12 4
4544 5 1 12 5
4545 5 1 12 6
4546 5 1 12 7
4547 5 1 12 8
4548 5 1 12 9
4549 5 1 12 10
4550 5 1 12 11
4551 5 1 12 12
4552 5 1 12 13
4553 5 1 12 14
4554 5 1 12 15
4555 5 1 12 16
4556 5 1 12 17
4557 5 1 13 1
4558 5 1 13 2
4559 5 1 13 3
4560 5 1 13 4
4561 5 1 13 5
4562 5 1 13 6
4563 5 1 13 7
4564 5 1 13 8
4565 5 1 13 9
4566 5 1 13 10
4567 5 1 13 11
4568 5 1 13 12
4569 5 1 13 13
4570 5 1 13 14
4571 5 1 13 15
4572 5 1 13 16
4573 5 1 13 17
4574 5 1 14 1
4575 5 1 14 2
4576 5 1 14 3
4577 5 1 14 4
4578 5 1 14 5
4579 5 1 14 6
4580 5 1 14 7
4581 5 1 14 8
4582 5 1 14 9
4583 5 1 14 10
4584 5 1 14 11
4585 5 1 14 12
4586 5 1 14 13
4587 5 1 14 14
4588 5 1 14 15
4589 5 1 14 16
4590 5 1 14 17
4591 5 1 15 1
4592 5 1 15 2
4593 5 1 15 3
4594 5 1 15 4
4595 5 1 15 5
4596 5 1 15 6
4597 5 1 15 7
4598 5 1 15 8
4599 5 1 15 9
4600 5 1 15 10
4601 5 1 15 11
4602 5 1 15 12
4603 5 1 15 13
4604 5 1 15 14
4605 5 1 15 15
4606 5 1 15 16
4607 5 1 15 17
4608 5 1 16 1
4609 5 1 16 2
4610 5 1 16 3
4611 5 1 16 4
4612 5 1 16 5
4613 5 1 16 6
4614 5 1 16 7
4615 5 1 16 8
4616 5 1 16 9
4617 5 1 16 10
4618 5 1 16 11
4619 5 1 16 12
4620 5 1 16 13
4621 5 1 16 14
4622 5 1 16 15
4623 5 1 16 16
4624 5 1 16 17
4625 5 2 1 1
4626 5 2 1 2
4627 5 2 1 3
4628 5 2 1 4
4629 5 2 1 5
4630 5 2 1 6
4631 5 2 1 7
4632 5 2 1 8
4633 5 2 1 9
4634 5 2 1 10
4635 5 2 1 11
4636 5 2 1 12
4637 5 2 1 13
4638 5 2 1 14
4639 5 2 1 15
4640 5 2 1 16
4641 5 2 1 17
4642 5 2 2 1
4643 5 2 2 2
4644 5 2 2 3
4645 5 2 2 4
4646 5 2 2 5
4647 5 2 2 6
4648 5 2 2 7
4649 5 2 2 8
4650 5 2 2 9
4651 5 2 2 10
4652 5 2 2 11
4653 5 2 2 12
4654 5 2 2 13
4655 5 2 2 14
4656 5 2 2 15
4657 5 2 2 16
4658 5 2 2 17
4659 5 2 3 1
4660 5 2 3 2
4661 5 2 3 3
4662 5 2 3 4
4663 5 2 3 5
4664 5 2 3 6
4665 5 2 3 7
4666 5 2 3 8
4667 5 2 3 9
4668 5 2 3 10
4669 5 2 3 11
4670 5 2 3 12
4671 5 2 3 13
4672 5 2 3 14
4673 5 2 3 15
4674 5 2 3 16
4675 5 2 3 17
4676 5 2 4 1
4677 5 2 4 2
4678 5 2 4 3
4679 5 2 4 4
4680 5 2 4 5
4681 5 2 4 6
4682 5 2 4 7
4683 5 2 4 8
4684 5 2 4 9
4685 5 2 4 10
4686 5 2 4 11
4687 5 2 4 12
4688 5 2 4 13
4689 5 2 4 14
4690 5 2 4 15
4691 5 2 4 16
4692 5 2 4 17
4693 5 2 5 1
4694 5 2 5 2
4695 5 2 5 3
4696 5 2 5 4
4697 5 2 5 5
4698 5 2 5 6
4699 5 2 5 7
4700 5 2 5 8
4701 5 2 5 9
4702 5 2 5 10
4703 5 2 5 11
4704 5 2 5 12
4705 5 2 5 13
4706 5 2 5 14
4707 5 2 5 15
4708 5 2 5 16
4709 5 2 5 17
4710 5 2 6 1
4711 5 2 6 2
4712 5 2 6 3
4713 5 2 6 4
4714 5 2 6 5
4715 5 2 6 6
4716 5 2 6 7
4717 5 2 6 8
4718 5 2 6 9
4719 5 2 6 10
4720 5 2 6 11
4721 5 2 6 12
4722 5 2 6 13
4723 5 2 6 14
4724 5 2 6 15
4725 5 2 6 16
4726 5 2 6 17
4727 5 2 7 1
4728 5 2 7 2
4729 5 2 7 3
4730 5 2 7 4
4731 5 2 7 5
4732 5 2 7 6
4733 5 2 7 7
4734 5 2 7 8
4735 5 2 7 9
4736 5 2 7 10
4737 5 2 7 11
4738 5 2 7 12
4739 5 2 7 13
4740 5 2 7 14
4741 5 2 7 15
4742 5 2 7 16
4743 5 2 7 17
4744 5 2 8 1
4745 5 2 8 2
4746 5 2 8 3
4747 5 2 8 4
4748 5 2 8 5
4749 5 2 8 6
4750 5 2 8 7
4751 5 2 8 8
4752 5 2 8 9
4753 5 2 8 10
4754 5 2 8 11
4755 5 2 8 12
4756 5 2 8 13
4757 5 2 8 14
4758 5 2 8 15
4759 5 2 8 16
4760 5 2 8 17
4761 5 2 9 1
4762 5 2 9 2
4763 5 2 9 3
4764 5 2 9 4
4765 5 2 9 5
4766 5 2 9 6
4767 5 2 9 7
4768 5 2 9 8
4769 5 2 9 9
4770 5 2 9 10
4771 5 2 9 11
4772 5 2 9 12
4773 5 2 9 13
4774 5 2 9 14
4775 5 2 9 15
4776 5 2 9 16
4777 5 2 9 17
4778 5 2 10 1
4779 5 2 10 2
4780 5 2 10 3
4781 5 2 10 4
4782 5 2 10 5
4783 5 2 10 6
4784 5 2 10 7
4785 5 2 10 8
4786 5 2 10 9
4787 5 2 10 10
4788 5 2 10 11
4789 5 2 10 12
4790 5 2 10 13
4791 5 2 10 14
4792 5 2 10 15
4793 5 2 10 16
4794 5 2 10 17
4795 5 2 11 1
4796 5 2 11 2
4797 5 2 11 3
4798 5 2 11 4
4799 5 2 11 5
4800 5 2 11 6
4801 5 2 11 7
4802 5 2 11 8
4803 5 2 11 9
4804 5 2 11 10
4805 5 2 11 11
4806 5 2 11 12
4807 5 2 11 13
4808 5 2 11 14
4809 5 2 11 15
4810 5 2 11 16
4811 5 2 11 17
4812 5 2 12 1
4813 5 2 12 2
4814 5 2 12 3
4815 5 2 12 4
4816 5 2 12 5
4817 5 2 12 6
4818 5 2 12 7
4819 5 2 12 8
4820 5 2 12 9
4821 5 2 12 10
4822 5 2 12 11
4823 5 2 12 12
4824 5 2 12 13
4825 5 2 12 14
4826 5 2 12 15
4827 5 2 12 16
4828 5 2 12 17
4829 5 2 13 1
4830 5 2 13 2
4831 5 2 13 3
4832 5 2 13 4
4833 5 2 13 5
4834 5 2 13 6
4835 5 2 13 7
4836 5 2 13 8
4837 5 2 13 9
4838 5 2 13 10
4839 5 2 13 11
4840 5 2 13 12
4841 5 2 13 13
4842 5 2 13 14
4843 5 2 13 15
4844 5 2 13 16
4845 5 2 13 17
4846 5 2 14 1
4847 5 2 14 2
4848 5 2 14 3
4849 5 2 14 4
4850 5 2 14 5
4851 5 2 14 6
4852 5 2 14 7
4853 5 2 14 8
4854 5 2 14 9
4855 5 2 14 10
4856 5 2 14 11
4857 5 2 14 12
4858 5 2 14 13
4859 5 2 14 14
4860 5 2 14 15
4861 5 2 14 16
4862 5 2 14 17
4863 5 2 15 1
4864 5 2 15 2
4865 5 2 15 3
4866 5 2 15 4
4867 5 2 15 5
4868 5 2 15 6
4869 5 2 15 7
4870 5 2 15 8
4871 5 2 15 9
4872 5 2 15 10
4873 5 2 15 11
4874 5 2 15 12
4875 5 2 15 13
4876 5 2 15 14
4877 5 2 15 15
4878 5 2 15 16
4879 5 2 15 17
4880 5 2 16 1
4881 5 2 16 2
4882 5 2 16 3
4883 5 2 16 4
4884 5 2 16 5
4885 5 2 16 6
4886 5 2 16 7
4887 5 2 16 8
4888 5 2 16 9
4889 5 2 16 10
4890 5 2 16 11
4891 5 2 16 12
4892 5 2 16 13
4893 5 2 16 14
4894 5 2 16 15
4895 5 2 16 16
4896 5 2 16 17
4897 5 3 1 1
4898 5 3 1 2
4899 5 3 1 3
4900 5 3 1 4
4901 5 3 1 5
4902 5 3 1 6
4903 5 3 1 7
4904 5 3 1 8
4905 5 3 1 9
4906 5 3 1 10
4907 5 3 1 11
4908 5 3 1 12
4909 5 3 1 13
4910 5 3 1 14
4911 5 3 1 15
4912 5 3 1 16
4913 5 3 1 17
4914 5 3 2 1
4915 5 3 2 2
4916 5 3 2 3
4917 5 3 2 4
4918 5 3 2 5
4919 5 3 2 6
4920 5 3 2 7
4921 5 3 2 8
4922 5 3 2 9
4923 5 3 2 10
4924 5 3 2 11
4925 5 3 2 12
4926 5 3 2 13
4927 5 3 2 14
4928 5 3 2 15
4929 5 3 2 16
4930 5 3 2 17
4931 5 3 3 1
4932 5 3 3 2
4933 5 3 3 3
4934 5 3 3 4
4935 5 3 3 5
4936 5 3 3 6
4937 5 3 3 7
4938 5 3 3 8
4939 5 3 3 9
4940 5 3 3 10
4941 5 3 3 11
4942 5 3 3 12
4943 5 3 3 13
4944 5 3 3 14
4945 5 3 3 15
4946 5 3 3 16
4947 5 3 3 17
4948 5 3 4 1
4949 5 3 4 2
4950 5 3 4 3
4951 5 3 4 4
4952 5 3 4 5
4953 5 3 4 6
4954 5 3 4 7
4955 5 3 4 8
4956 5 3 4 9
4957 5 3 4 10
4958 5 3 4 11
4959 5 3 4 12
4960 5 3 4 13
4961 5 3 4 14
4962 5 3 4 15
4963 5 3 4 16
4964 5 3 4 17
4965 5 3 5 1
4966 5 3 5 2
4967 5 3 5 3
4968 5 3 5 4
4969 5 3 5 5
4970 5 3 5 6
4971 5 3 5 7
4972 5 3 5 8
4973 5 3 5 9
4974 5 3 5 10
4975 5 3 5 11
4976 5 3 5 12
4977 5 3 5 13
4978 5 3 5 14
4979 5 3 5 15
4980 5 3 5 16
4981 5 3 5 17
4982 5 3 6 1
4983 5 3 6 2
4984 5 3 6 3
4985 5 3 6 4
4986 5 3 6 5
4987 5 3 6 6
4988 5 3 6 7
4989 5 3 6 8
4990 5 3 6 9
4991 5 3 6 10
4992 5 3 6 11
4993 5 3 6 12
4994 5 3 6 13
4995 5 3 6 14
4996 5 3 6 15
4997 5 3 6 16
4998 5 3 6 17
4999 5 3 7 1
5000 5 3 7 2
5001 5 3 7 3
5002 5 3 7 4
5003 5 3 7 5
5004 5 3 7 6
5005 5 3 7 7
5006 5 3 7 8
5007 5 3 7 9
5008 5 3 7 10
5009 5 3 7 11
5010 5 3 7 12
5011 5 3 7 13
5012 5 3 7 14
5013 5 3 7 15
5014 5 3 7 16
5015 5 3 7 17
5016 5 3 8 1
5017 5 3 8 2
5018 5 3 8 3
5019 5 3 8 4
5020 5 3 8 5
5021 5 3 8 6
5022 5 3 8 7
5023 5 3 8 8
5024 5 3 8 9
5025 5 3 8 10
5026 5 3 8 11
5027 5 3 8 12
5028 5 3 8 13
5029 5 3 8 14
5030 5 3 8 15
5031 5 3 8 16
5032 5 3 8 17
5033 5 3 9 1
5034 5 3 9 2
5035 5 3 9 3
5036 5 3 9 4
5037 5 3 9 5
5038 5 3 9 6
5039 5 3 9 7
5040 5 3 9 8
5041 5 3 9 9
5042 5 3 9 10
5043 5 3 9 11
5044 5 3 9 12
5045 5 3 9 13
5046 5 3 9 14
5047 5 3 9 15
5048 5 3 9 16
5049 5 3 9 17
5050 5 3 10 1
5051 5 3 10 2
5052 5 3 10 3
5053 5 3 10 4
5054 5 3 10 5
5055 5 3 10 6
5056 5 3 10 7
5057 5 3 10 8
5058 5 3 10 9
5059 5 3 10 10
5060 5 3 10 11
5061 5 3 10 12
5062 5 3 10 13
5063 5 3 10 14
5064 5 3 10 15
5065 5 3 10 16
5066 5 3 10 17
5067 5 3 11 1
5068 5 3 11 2
5069 5 3 11 3
5070 5 3 11 4
5071 5 3 11 5
5072 5 3 11 6
5073 5 3 11 7
5074 5 3 11 8
5075 5 3 11 9
5076 5 3 11 10
5077 5 3 11 11
5078 5 3 11 12
5079 5 3 11 13
5080 5 3 11 14
5081 5 3 11 15
5082 5 3 11 16
5083 5 3 11 17
5084 5 3 12 1
5085 5 3 12 2
5086 5 3 12 3
5087 5 3 12 4
5088 5 3 12 5
5089 5 3 12 6
5090 5 3 12 7
5091 5 3 12 8
5092 5 3 12 9
5093 5 3 12 10
5094 5 3 12 11
5095 5 3 12 12
5096 5 3 12 13
5097 5 3 12 14
5098 5 3 12 15
5099 5 3 12 16
5100 5 3 12 17
5101 5 3 13 1
5102 5 3 13 2
5103 5 3 13 3
5104 5 3 13 4
5105 5 3 13 5
5106 5 3 13 6
5107 5 3 13 7
5108 5 3 13 8
5109 5 3 13 9
5110 5 3 13 10
5111 5 3 13 11
5112 5 3 13 12
5113 5 3 13 13
5114 5 3 13 14
5115 5 3 13 15
5116 5 3 13 16
5117 5 3 13 17
5118 5 3 14 1
5119 5 3 14 2
5120 5 3 14 3
5121 5 3 14 4
5122 5 3 14 5
5123 5 3 14 6
5124 5 3 14 7
5125 5 3 14 8
5126 5 3 14 9
5127 5 3 14 10
5128 5 3 14 11
5129 5 3 14 12
5130 5 3 14 13
5131 5 3 14 14
5132 5 3 14 15
5133 5 3 14 16
5134 5 3 14 17
5135 5 3 15 1
5136 5 3 15 2
5137 5 3 15 3
5138 5 3 15 4
5139 5 3 15 5
5140 5 3 15 6
5141 5 3 15 7
5142 5 3 15 8
5143 5 3 15 9
5144 5 3 15 10
5145 5 3 15 11
5146 5 3 15 12
5147 5 3 15 13
5148 5 3 15 14
5149 5 3 15 15
5150 5 3 15 16
5151 5 3 15 17
5152 5 3 16 1
5153 5 3 16 2
5154 5 3 16 3
5155 5 3 16 4
5156 5 3 16 5
5157 5 3 16 6
5158 5 3 16 7
5159 5 3 16 8
5160 5 3 16 9
5161 5 3 16 10
5162 5 3 16 11
5163 5 3 16 12
5164 5 3 16 13
5165 5 3 16 14
5166 5 3 16 15
5167 5 3 16 16
5168 5 3 16 17
5169 5 4 1 1
5170 5 4 1 2
5171 5 4 1 3
5172 5 4 1 4
5173 5 4 1 5
5174 5 4 1 6
5175 5 4 1 7
5176 5 4 1 8
5177 5 4 1 9
5178 5 4 1 10
5179 5 4 1 11
5180 5 4 1 12
5181 5 4 1 13
5182 5 4 1 14
5183 5 4 1 15
5184 5 4 1 16
5185 5 4 1 17
5186 5 4 2 1
5187 5 4 2 2
5188 5 4 2 3
5189 5 4 2 4
5190 5 4 2 5
5191 5 4 2 6
5192 5 4 2 7
5193 5 4 2 8
5194 5 4 2 9
5195 5 4 2 10
5196 5 4 2 11
5197 5 4 2 12
5198 5 4 2 13
5199 5 4 2 14
5200 5 4 2 15
5201 5 4 2 16
5202 5 4 2 17
5203 5 4 3 1
5204 5 4 3 2
5205 5 4 3 3
5206 5 4 3 4
5207 5 4 3 5
5208 5 4 3 6
5209 5 4 3 7
5210 5 4 3 8
5211 5 4 3 9
5212 5 4 3 10
5213 5 4 3 11
5214 5 4 3 12
5215 5 4 3 13
5216 5 4 3 14
5217 5 4 3 15
5218 5 4 3 16
5219 5 4 3 17
5220 5 4 4 1
5221 5 4 4 2
5222 5 4 4 3
5223 5 4 4 4
5224 5 4 4 5
5225 5 4 4 6
5226 5 4 4 7
5227 5 4 4 8
5228 5 4 4 9
5229 5 4 4 10
5230 5 4 4 11
5231 5 4 4 12
5232 5 4 4 13
5233 5 4 4 14
5234 5 4 4 15
5235 5 4 4 16
5236 5 4 4 17
5237 5 4 5 1
5238 5 4 5 2
5239 5 4 5 3
5240 5 4 5 4
5241 5 4 5 5
5242 5 4 5 6
5243 5 4 5 7
5244 5 4 5 8
5245 5 4 5 9
5246 5 4 5 10
5247 5 4 5 11
5248 5 4 5 12
5249 5 4 5 13
5250 5 4 5 14
5251 5 4 5 15
5252 5 4 5 16
5253 5 4 5 17
5254 5 4 6 1
5255 5 4 6 2
5256 5 4 6 3
5257 5 4 6 4
5258 5 4 6 5
5259 5 4 6 6
5260 5 4 6 7
5261 5 4 6 8
5262 5 4 6 9
5263 5 4 6 10
5264 5 4 6 11
5265 5 4 6 12
5266 5 4 6 13
5267 5 4 6 14
5268 5 4 6 15
5269 5 4 6 16
5270 5 4 6 17
5271 5 4 7 1
5272 5 4 7 2
5273 5 4 7 3
5274 5 4 7 4
5275 5 4 7 5
5276 5 4 7 6
5277 5 4 7 7
5278 5 4 7 8
5279 5 4 7 9
5280 5 4 7 10
5281 5 4 7 11
5282 5 4 7 12
5283 5 4 7 13
5284 5 4 7 14
5285 5 4 7 15
5286 5 4 7 16
5287 5 4 7 17
5288 5 4 8 1
5289 5 4 8 2
5290 5 4 8 3
5291 5 4 8 4
5292 5 4 8 5
5293 5 4 8 6
5294 5 4 8 7
5295 5 4 8 8
5296 5 4 8 9
5297 5 4 8 10
5298 5 4 8 11
5299 5 4 8 12
5300 5 4 8 13
5301 5 4 8 14
5302 5 4 8 15
5303 5 4 8 16
5304 5 4 8 17
5305 5 4 9 1
5306 5 4 9 2
5307 5 4 9 3
5308 5 4 9 4
5309 5 4 9 5
5310 5 4 9 6
5311 5 4 9 7
5312 5 4 9 8
5313 5 4 9 9
5314 5 4 9 10
5315 5 4 9 11
5316 5 4 9 12
5317 5 4 9 13
5318 5 4 9 14
5319 5 4 9 15
5320 5 4 9 16
5321 5 4 9 17
5322 5 4 10 1
5323 5 4 10 2
5324 5 4 10 3
5325 5 4 10 4
5326 5 4 10 5
5327 5 4 10 6
5328 5 4 10 7
5329 5 4 10 8
5330 5 4 10 9
5331 5 4 10 10
5332 5 4 10 11
5333 5 4 10 12
5334 5 4 10 13
5335 5 4 10 14
5336 5 4 10 15
5337 5 4 10 16
5338 5 4 10 17
5339 5 4 11 1
5340 5 4 11 2
5341 5 4 11 3
5342 5 4 11 4
5343 5 4 11 5
5344 5 4 11 6
5345 5 4 11 7
5346 5 4 11 8
5347 5 4 11 9
5348 5 4 11 10
5349 5 4 11 11
5350 5 4 11 12
5351 5 4 11 13
5352 5 4 11 14
5353 5 4 11 15
5354 5 4 11 16
5355 5 4 11 17
5356 5 4 12 1
5357 5 4 12 2
5358 5 4 12 3
5359 5 4 12 4
5360 5 4 12 5
5361 5 4 12 6
5362 5 4 12 7
5363 5 4 12 8
5364 5 4 12 9
5365 5 4 12 10
5366 5 4 12 11
5367 5 4 12 12
5368 5 4 12 13
5369 5 4 12 14
5370 5 4 12 15
5371 5 4 12 16
5372 5 4 12 17
5373 5 4 13 1
5374 5 4 13 2
5375 5 4 13 3
5376 5 4 13 4
5377 5 4 13 5
5378 5 4 13 6
5379 5 4 13 7
5380 5 4 13 8
5381 5 4 13 9
5382 5 4 13 10
5383 5 4 13 11
5384 5 4 13 12
5385 5 4 13 13
5386 5 4 13 14
5387 5 4 13 15
5388 5 4 13 16
5389 5 4 13 17
5390 5 4 14 1
5391 5 4 14 2
5392 5 4 14 3
5393 5 4 14 4
5394 5 4 14 5
5395 5 4 14 6
5396 5 4 14 7
5397 5 4 14 8
5398 5 4 14 9
5399 5 4 14 10
5400 5 4 14 11
5401 5 4 14 12
5402 5 4 14 13
5403 5 4 14 14
5404 5 4 14 15
5405 5 4 14 16
5406 5 4 14 17
5407 5 4 15 1
5408 5 4 15 2
5409 5 4 15 3
5410 5 4 15 4
5411 5 4 15 5
5412 5 4 15 6
5413 5 4 15 7
5414 5 4 15 8
5415 5 4 15 9
5416 5 4 15 10
5417 5 4 15 11
5418 5 4 15 12
5419 5 4 15 13
5420 5 4 15 14
5421 5 4 15 15
5422 5 4 15 16
5423 5 4 15 17
5424 5 4 16 1
5425 5 4 16 2
5426 5 4 16 3
5427 5 4 16 4
5428 5 4 16 5
5429 5 4 16 6
5430 5 4 16 7
5431 5 4 16 8
5432 5 4 16 9
5433 5 4 16 10
5434 5 4 16 11
5435 5 4 16 12
5436 5 4 16 13
5437 5 4 16 14
5438 5 4 16 15
5439 5 4 16 16
5440 5 4 16 17
